0 1 0 126 3374
0 1 3 126 6011
0 1 5 126 1577
0 1 14 126 2044
0 1 15 126 2475
0 1 16 126 2571
0 1 17 126 1536
0 1 18 126 1505
0 1 19 126 4414
0 1 20 126 3414
0 1 21 126 6066
0 1 22 126 3180
0 1 23 126 4908
0 1 24 126 1635
0 1 25 126 1986
1 2 15 0 70875159
2 1 8 0 34118084
3 13 19 0 6780772
3 13 19 1 1300
3 13 19 104 1217
3 13 19 127 2687
4 10 3 0 101176
4 10 3 1 129547
4 10 3 2 399469
4 10 3 3 275134
4 10 3 4 61564
4 10 3 5 137169
4 10 3 6 91926
4 10 3 7 280331
4 10 3 8 1162740
4 10 3 9 22630
4 10 3 10 545063
4 10 3 11 142125
4 10 3 12 194156
4 10 3 13 638981
4 10 3 14 144007
4 10 3 15 586259
4 10 3 16 684391
4 10 3 17 307079
4 10 3 18 876393
4 10 3 19 747725
4 10 3 20 333560
4 10 3 21 299425
4 10 3 22 218338
4 10 3 23 116093
4 10 3 24 289116
4 10 3 25 22341
4 10 3 26 612770
4 10 3 27 103026
4 10 3 28 13703
4 10 3 29 133819
4 10 3 30 61272
4 10 3 31 380500
4 10 3 32 95026
4 10 3 33 305922
4 10 3 34 204727
4 10 3 35 17469
4 10 3 36 129276
4 10 3 37 528659
4 10 3 38 17272
4 10 3 39 130653
4 10 3 40 327149
4 10 3 41 296091
4 10 3 42 177231
4 10 3 43 125649
4 10 3 44 114540
4 10 3 45 1929904
4 10 3 46 510146
4 10 3 47 1048353
4 10 3 48 78765
4 10 3 49 1193987
4 10 3 50 89126
4 10 3 51 830606
4 10 3 52 234178
4 10 3 53 170903
4 10 3 54 18026
4 10 3 55 13996
4 10 3 56 68426
4 10 3 57 25520
4 10 3 58 140797
4 10 3 59 294767
4 10 3 60 839981
4 10 3 61 191993
4 10 3 62 299240
4 10 3 63 22002
4 10 3 64 77940
4 10 3 65 434063
4 10 3 66 121863
4 10 3 67 434181
4 10 3 68 97643
4 10 3 69 23797
4 10 3 70 310701
4 10 3 71 1829571
4 10 3 72 172232
4 10 3 73 65833
4 10 3 74 75527
4 10 3 75 391672
4 10 3 76 190513
4 10 3 77 220616
4 10 3 78 28316
4 10 3 79 1314614
4 10 3 80 106769
4 10 3 81 590995
4 10 3 82 618664
4 10 3 83 159509
4 10 3 84 671793
4 10 3 85 18963
4 10 3 86 322016
4 10 3 87 22612
4 10 3 88 875607
4 10 3 89 612179
4 10 3 90 79566
4 10 3 91 103850
4 10 3 92 371667
4 10 3 93 71289
4 10 3 94 374822
4 10 3 95 120251
4 10 3 96 64051
4 10 3 97 51170
4 10 3 98 32178
4 10 3 99 389312
4 10 3 100 111232
4 10 3 101 386005
4 10 3 102 78590
4 10 3 103 631886
4 10 3 104 363066
4 10 3 105 300306
4 10 3 106 88605
4 10 3 107 73417
4 10 3 108 222075
4 10 3 109 170859
4 10 3 110 63827
4 10 3 111 86846
4 10 3 112 58274
4 10 3 113 78848
4 10 3 114 76364
4 10 3 115 59593
4 10 3 116 430140
4 10 3 117 799003
4 10 3 118 699771
4 10 3 119 54786
4 10 3 120 389590
4 10 3 121 129502
4 10 3 122 613854
4 10 3 123 263758
4 10 3 124 58313
4 10 3 125 316867
4 10 3 126 947785
4 10 3 127 249501
4 10 11 0 113310
4 10 11 1 87799
4 10 11 2 400964
4 10 11 3 44736
4 10 11 4 4059
4 10 11 5 398125
4 10 11 6 33710
4 10 11 7 1707
4 10 11 8 6305
4 10 11 9 7237
4 10 11 10 47768
4 10 11 11 34645
4 10 11 12 67927
4 10 11 13 11380
4 10 11 14 124943
4 10 11 15 1757
4 10 11 16 111223
4 10 11 17 8984
4 10 11 18 107301
4 10 11 19 359648
4 10 11 20 22737
4 10 11 21 21210
4 10 11 22 336847
4 10 11 23 10128
4 10 11 24 153168
4 10 11 25 61840
4 10 11 26 9878
4 10 11 27 10660
4 10 11 28 12071
4 10 11 29 151200
4 10 11 30 30832
4 10 11 31 47808
4 10 11 32 11293
4 10 11 33 26279
4 10 11 34 36682
4 10 11 35 4591
4 10 11 36 121397
4 10 11 37 22152
4 10 11 38 55287
4 10 11 39 6950
4 10 11 40 29868
4 10 11 41 72653
4 10 11 42 161780
4 10 11 43 41619
4 10 11 44 15703
4 10 11 45 93295
4 10 11 46 18629
4 10 11 47 20842
4 10 11 48 52423
4 10 11 49 90311
4 10 11 50 135748
4 10 11 51 8869
4 10 11 52 42614
4 10 11 53 34301
4 10 11 54 160264
4 10 11 55 13542
4 10 11 56 33152
4 10 11 57 145562
4 10 11 58 144168
4 10 11 59 19395
4 10 11 60 15774
4 10 11 61 119781
4 10 11 62 76536
4 10 11 63 113300
4 10 11 64 75669
4 10 11 65 176220
4 10 11 66 66241
4 10 11 67 178730
4 10 11 68 189130
4 10 11 69 25904
4 10 11 70 164735
4 10 11 72 71973
4 10 11 73 67403
4 10 11 74 118694
4 10 11 75 19477
4 10 11 76 45601
4 10 11 77 47383
4 10 11 78 42412
4 10 11 79 166015
4 10 11 80 27566
4 10 11 81 42088
4 10 11 82 195513
4 10 11 83 2487220
4 10 11 84 162412
4 10 11 85 17972
4 10 11 86 16326
4 10 11 87 975903
4 10 11 88 32347
4 10 11 89 74862
4 10 11 90 74273
4 10 11 91 666024
4 10 11 92 555472
4 10 11 93 201574
4 10 11 94 51177
4 10 11 95 3547
4 10 11 96 34629
4 10 11 97 62409
4 10 11 98 318103
4 10 11 99 42363
4 10 11 100 271819
4 10 11 101 512509
4 10 11 102 510673
4 10 11 103 52889
4 10 11 104 120579
4 10 11 105 1311578
4 10 11 106 115497
4 10 11 107 1555334
4 10 11 108 108446
4 10 11 109 55350
4 10 11 110 28305
4 10 11 111 68808
4 10 11 112 219150
4 10 11 113 38267
4 10 11 114 135945
4 10 11 115 218485
4 10 11 116 368186
4 10 11 117 81371
4 10 11 118 290546
4 10 11 119 443523
4 10 11 120 80521
4 10 11 121 184705
4 10 11 122 172097
4 10 11 123 98401
4 10 11 124 180855
4 10 11 125 24171
4 10 11 126 127172
4 10 11 127 485633
6 1 10 0 3402
6 1 11 0 29790280
6 1 12 0 8746313
6 1 12 20 3075
