2 0 7 7 23 19 0 25.000 3.500 12 
3 10 4 18 83 950 175 17.619 7.500 0 
3 11 1 6 31 19808 2797 5.000 0.000 128 
3 11 1 16 110 2521 373 5.000 0.000 128 
2 2 1 15 0 240 59 26.360 4.963 28 
2 4 0 16 127 9314 1320 5.000 0.000 128 
2 4 0 18 77 20051 2924 5.000 0.000 128 
2 4 0 18 105 766 113 15.000 7.500 8 
3 7 7 7 84 4248 627 5.000 0.000 128 
3 7 7 14 65 34402 4867 5.000 0.000 128 
5 11 4 14 92 21269 2994 5.000 0.000 128 
5 11 4 25 20 380 90 26.593 2.856 15 
4 1 3 3 21 382 90 26.086 3.795 15 
4 1 3 8 0 0 0 5.000 0.000 32 
4 5 7 13 1 1941 292 5.000 0.000 128 
7 13 10 1 0 4184 672 5.000 0.000 128 
7 13 10 1 1 3225 497 5.000 0.000 128 
7 13 10 1 2 3369 532 5.000 0.000 128 
7 13 10 1 3 3579 533 5.000 0.000 128 
7 13 10 1 4 5305 805 5.000 0.000 128 
7 13 10 1 5 2987 442 5.000 0.000 128 
7 13 10 1 6 4350 684 5.000 0.000 128 
7 13 10 1 7 3176 447 5.000 0.000 128 
7 13 10 1 8 4920 745 5.000 0.000 128 
7 13 10 1 9 3555 580 5.000 0.000 128 
7 13 10 1 10 3582 558 5.000 0.000 128 
7 13 10 1 11 5198 777 5.000 0.000 128 
7 13 10 1 12 5206 763 5.000 0.000 128 
7 13 10 1 13 2493 400 5.000 0.000 128 
7 13 10 1 14 3411 530 5.000 0.000 128 
7 13 10 1 15 3835 590 5.000 0.000 128 
7 13 10 1 16 3408 528 5.000 0.000 128 
7 13 10 1 17 3094 482 5.000 0.000 128 
7 13 10 1 18 4925 771 5.000 0.000 128 
7 13 10 1 19 3442 554 5.000 0.000 128 
7 13 10 1 20 3596 560 5.000 0.000 128 
7 13 10 1 21 6527 994 5.000 0.000 128 
7 13 10 1 22 3427 526 5.000 0.000 128 
7 13 10 1 23 3508 549 5.000 0.000 128 
7 13 10 1 24 8643 1270 5.000 0.000 128 
7 13 10 1 25 3284 480 5.000 0.000 128 
7 13 10 1 26 3966 580 5.000 0.000 128 
7 13 10 1 27 4274 631 5.000 0.000 128 
7 13 10 1 28 4276 663 5.000 0.000 128 
7 13 10 1 29 4272 694 5.000 0.000 128 
7 13 10 1 30 3264 519 5.000 0.000 128 
7 13 10 1 31 3931 610 5.000 0.000 128 
7 13 10 1 32 3311 505 5.000 0.000 128 
7 13 10 1 33 3200 518 5.000 0.000 128 
7 13 10 1 34 6188 928 5.000 0.000 128 
7 13 10 1 35 3846 584 5.000 0.000 128 
7 13 10 1 36 6710 965 5.000 0.000 128 
7 13 10 1 37 3124 510 5.000 0.000 128 
7 13 10 1 38 5369 854 5.000 0.000 128 
7 13 10 1 39 4283 641 5.000 0.000 128 
7 13 10 1 40 5052 792 5.000 0.000 128 
7 13 10 1 41 4981 711 5.000 0.000 128 
7 13 10 1 42 4389 676 5.000 0.000 128 
7 13 10 1 43 2861 444 5.000 0.000 128 
7 13 10 1 44 6113 925 5.000 0.000 128 
7 13 10 1 45 7938 1141 5.000 0.000 128 
7 13 10 1 46 5839 861 5.000 0.000 128 
7 13 10 1 47 2935 474 5.000 0.000 128 
7 13 10 1 48 4493 696 5.000 0.000 128 
7 13 10 1 49 3527 522 5.000 0.000 128 
7 13 10 1 50 3984 618 5.000 0.000 128 
7 13 10 1 51 5010 743 5.000 0.000 128 
7 13 10 1 52 8374 1186 5.000 0.000 128 
7 13 10 1 53 5728 857 5.000 0.000 128 
7 13 10 1 54 7862 1112 5.000 0.000 128 
7 13 10 1 55 2807 413 5.000 0.000 128 
7 13 10 1 56 4260 662 5.000 0.000 128 
7 13 10 1 57 4489 686 5.000 0.000 128 
7 13 10 1 58 6490 944 5.000 0.000 128 
7 13 10 1 59 2893 461 5.000 0.000 128 
7 13 10 1 60 4403 664 5.000 0.000 128 
7 13 10 1 61 3451 528 5.000 0.000 128 
7 13 10 1 62 4291 639 5.000 0.000 128 
7 13 10 1 63 1934 298 5.000 0.000 128 
7 13 10 1 64 5356 797 5.000 0.000 128 
7 13 10 1 65 9302 1378 5.000 0.000 128 
7 13 10 1 66 5988 866 5.000 0.000 128 
7 13 10 1 67 5647 854 5.000 0.000 128 
7 13 10 1 68 8905 1289 5.000 0.000 128 
7 13 10 1 69 8128 1232 5.000 0.000 128 
7 13 10 1 70 8058 1195 5.000 0.000 128 
7 13 10 1 71 8810 1285 5.000 0.000 128 
7 13 10 1 72 3747 586 5.000 0.000 128 
7 13 10 1 73 7929 1148 5.000 0.000 128 
7 13 10 1 74 6077 942 5.000 0.000 128 
7 13 10 1 75 7798 1114 5.000 0.000 128 
7 13 10 1 76 10743 1607 5.000 0.000 128 
7 13 10 1 77 6666 988 5.000 0.000 128 
7 13 10 1 78 4237 619 5.000 0.000 128 
7 13 10 1 79 5504 797 5.000 0.000 128 
7 13 10 1 80 5176 786 5.000 0.000 128 
7 13 10 1 81 4755 679 5.000 0.000 128 
7 13 10 1 82 7661 1212 5.000 0.000 128 
7 13 10 1 83 8996 1319 5.000 0.000 128 
7 13 10 1 84 10944 1683 5.000 0.000 128 
7 13 10 1 85 8664 1248 5.000 0.000 128 
7 13 10 1 86 4663 710 5.000 0.000 128 
7 13 10 1 87 6159 877 5.000 0.000 128 
7 13 10 1 88 6178 907 5.000 0.000 128 
7 13 10 1 89 9133 1335 5.000 0.000 128 
7 13 10 1 90 7645 1115 5.000 0.000 128 
7 13 10 1 91 3811 591 5.000 0.000 128 
7 13 10 1 92 4929 742 5.000 0.000 128 
7 13 10 1 93 7760 1182 5.000 0.000 128 
7 13 10 1 94 9179 1331 5.000 0.000 128 
7 13 10 1 95 8246 1155 5.000 0.000 128 
7 13 10 1 96 5821 855 5.000 0.000 128 
7 13 10 1 97 4168 655 5.000 0.000 128 
7 13 10 1 98 8847 1341 5.000 0.000 128 
7 13 10 1 99 4784 696 5.000 0.000 128 
7 13 10 1 100 9803 1440 5.000 0.000 128 
7 13 10 1 101 4580 692 5.000 0.000 128 
7 13 10 1 102 11818 1739 5.000 0.000 128 
7 13 10 1 103 6724 996 5.000 0.000 128 
7 13 10 1 104 5322 840 5.000 0.000 128 
7 13 10 1 105 4300 624 5.000 0.000 128 
7 13 10 1 106 6709 952 5.000 0.000 128 
7 13 10 1 107 7387 1067 5.000 0.000 128 
7 13 10 1 108 8471 1258 5.000 0.000 128 
7 13 10 1 109 4999 758 5.000 0.000 128 
7 13 10 1 110 7942 1170 5.000 0.000 128 
7 13 10 1 111 6268 919 5.000 0.000 128 
7 13 10 1 112 7300 1078 5.000 0.000 128 
7 13 10 1 113 6914 1016 5.000 0.000 128 
7 13 10 1 114 7457 1108 5.000 0.000 128 
7 13 10 1 115 8663 1266 5.000 0.000 128 
7 13 10 1 116 5003 752 5.000 0.000 128 
7 13 10 1 117 9746 1379 5.000 0.000 128 
7 13 10 1 118 8911 1228 5.000 0.000 128 
7 13 10 1 119 6794 940 5.000 0.000 128 
7 13 10 1 120 9095 1333 5.000 0.000 128 
7 13 10 1 121 6720 1039 5.000 0.000 128 
7 13 10 1 122 5602 824 5.000 0.000 128 
7 13 10 1 123 7228 1037 5.000 0.000 128 
7 13 10 1 124 5916 907 5.000 0.000 128 
7 13 10 1 125 4533 672 5.000 0.000 128 
7 13 10 1 126 5049 795 5.000 0.000 128 
7 13 10 1 127 7536 1085 5.000 0.000 128 
7 13 10 2 0 8108 1155 5.000 0.000 128 
7 13 10 2 1 4483 627 5.000 0.000 128 
7 13 10 2 2 5416 820 5.000 0.000 128 
7 13 10 2 3 1542 264 5.000 0.000 128 
7 13 10 2 4 2438 358 5.000 0.000 128 
7 13 10 2 5 6525 955 5.000 0.000 128 
7 13 10 2 6 2391 387 5.000 0.000 128 
7 13 10 2 7 8090 1235 5.000 0.000 128 
7 13 10 2 8 3472 508 5.000 0.000 128 
7 13 10 2 9 6802 1028 5.000 0.000 128 
7 13 10 2 10 5875 896 5.000 0.000 128 
7 13 10 2 11 4499 678 5.000 0.000 128 
7 13 10 2 12 5514 846 5.000 0.000 128 
7 13 10 2 13 7212 1080 5.000 0.000 128 
7 13 10 2 14 5458 813 5.000 0.000 128 
7 13 10 2 15 3721 545 5.000 0.000 128 
7 13 10 2 16 8522 1240 5.000 0.000 128 
7 13 10 2 17 3702 585 5.000 0.000 128 
7 13 10 2 18 2955 486 5.000 0.000 128 
7 13 10 2 19 4524 668 5.000 0.000 128 
7 13 10 2 20 12303 1754 5.000 0.000 128 
7 13 10 2 21 6307 1001 5.000 0.000 128 
7 13 10 2 22 8322 1226 5.000 0.000 128 
7 13 10 2 23 4147 660 5.000 0.000 128 
7 13 10 2 24 5601 832 5.000 0.000 128 
7 13 10 2 25 4585 639 5.000 0.000 128 
7 13 10 2 26 4925 760 5.000 0.000 128 
7 13 10 2 27 4369 671 5.000 0.000 128 
7 13 10 2 28 2298 365 5.000 0.000 128 
7 13 10 2 29 4100 611 5.000 0.000 128 
7 13 10 2 30 5166 782 5.000 0.000 128 
7 13 10 2 31 4052 619 5.000 0.000 128 
7 13 10 2 32 7035 998 5.000 0.000 128 
7 13 10 2 33 4068 643 5.000 0.000 128 
7 13 10 2 34 4158 616 5.000 0.000 128 
7 13 10 2 35 5387 784 5.000 0.000 128 
7 13 10 2 36 4083 611 5.000 0.000 128 
7 13 10 2 37 5781 895 5.000 0.000 128 
7 13 10 2 38 6783 1021 5.000 0.000 128 
7 13 10 2 39 2642 471 5.000 0.000 128 
7 13 10 2 40 3778 599 5.000 0.000 128 
7 13 10 2 41 8303 1240 5.000 0.000 128 
7 13 10 2 42 7653 1153 5.000 0.000 128 
7 13 10 2 43 6420 984 5.000 0.000 128 
7 13 10 2 44 5702 843 5.000 0.000 128 
7 13 10 2 45 2916 445 5.000 0.000 128 
7 13 10 2 46 8434 1216 5.000 0.000 128 
7 13 10 2 47 6676 1000 5.000 0.000 128 
7 13 10 2 48 3995 634 5.000 0.000 128 
7 13 10 2 49 7975 1138 5.000 0.000 128 
7 13 10 2 50 3656 549 5.000 0.000 128 
7 13 10 2 51 5346 795 5.000 0.000 128 
7 13 10 2 52 4264 639 5.000 0.000 128 
7 13 10 2 53 2069 349 5.000 0.000 128 
7 13 10 2 54 4931 776 5.000 0.000 128 
7 13 10 2 55 4854 729 5.000 0.000 128 
7 13 10 2 56 4519 666 5.000 0.000 128 
7 13 10 2 57 7417 1064 5.000 0.000 128 
7 13 10 2 58 5405 787 5.000 0.000 128 
7 13 10 2 59 4496 673 5.000 0.000 128 
7 13 10 2 60 4491 722 5.000 0.000 128 
7 13 10 2 61 5704 864 5.000 0.000 128 
7 13 10 2 62 4232 652 5.000 0.000 128 
7 13 10 2 63 4514 645 5.000 0.000 128 
7 13 10 2 64 6604 969 5.000 0.000 128 
7 13 10 2 65 6934 1039 5.000 0.000 128 
7 13 10 2 66 5217 738 5.000 0.000 128 
7 13 10 2 67 5201 808 5.000 0.000 128 
7 13 10 2 68 4643 706 5.000 0.000 128 
7 13 10 2 69 5286 750 5.000 0.000 128 
7 13 10 2 70 1996 331 5.000 0.000 128 
7 13 10 2 71 7468 1087 5.000 0.000 128 
7 13 10 2 72 4589 660 5.000 0.000 128 
7 13 10 2 73 2965 461 5.000 0.000 128 
7 13 10 2 74 7729 1143 5.000 0.000 128 
7 13 10 2 75 5581 803 5.000 0.000 128 
7 13 10 2 76 5260 772 5.000 0.000 128 
7 13 10 2 77 4400 646 5.000 0.000 128 
7 13 10 2 78 6094 953 5.000 0.000 128 
7 13 10 2 79 6999 1053 5.000 0.000 128 
7 13 10 2 80 5707 885 5.000 0.000 128 
7 13 10 2 81 9796 1451 5.000 0.000 128 
7 13 10 2 82 5926 878 5.000 0.000 128 
7 13 10 2 83 6210 908 5.000 0.000 128 
7 13 10 2 84 4101 633 5.000 0.000 128 
7 13 10 2 85 4729 748 5.000 0.000 128 
7 13 10 2 86 5719 848 5.000 0.000 128 
7 13 10 2 87 2634 404 5.000 0.000 128 
7 13 10 2 88 7341 1128 5.000 0.000 128 
7 13 10 2 89 6157 892 5.000 0.000 128 
7 13 10 2 90 2859 444 5.000 0.000 128 
7 13 10 2 91 8496 1246 5.000 0.000 128 
7 13 10 2 92 3770 545 5.000 0.000 128 
7 13 10 2 93 5478 825 5.000 0.000 128 
7 13 10 2 94 5758 834 5.000 0.000 128 
7 13 10 2 95 10256 1514 5.000 0.000 128 
7 13 10 2 96 7588 1122 5.000 0.000 128 
7 13 10 2 97 5338 787 5.000 0.000 128 
7 13 10 2 98 2701 456 5.000 0.000 128 
7 13 10 2 99 7899 1189 5.000 0.000 128 
7 13 10 2 100 7607 1109 5.000 0.000 128 
7 13 10 2 101 8463 1238 5.000 0.000 128 
7 13 10 2 102 6240 908 5.000 0.000 128 
7 13 10 2 103 8109 1200 5.000 0.000 128 
7 13 10 2 104 7615 1181 5.000 0.000 128 
7 13 10 2 105 6686 989 5.000 0.000 128 
7 13 10 2 106 6651 991 5.000 0.000 128 
7 13 10 2 107 5135 749 5.000 0.000 128 
7 13 10 2 108 8170 1252 5.000 0.000 128 
7 13 10 2 109 5225 791 5.000 0.000 128 
7 13 10 2 110 5467 819 5.000 0.000 128 
7 13 10 2 111 6324 936 5.000 0.000 128 
7 13 10 2 112 5643 851 5.000 0.000 128 
7 13 10 2 113 3715 554 5.000 0.000 128 
7 13 10 2 114 2448 345 5.000 0.000 128 
7 13 10 2 115 12344 1838 5.000 0.000 128 
7 13 10 2 116 4301 645 5.000 0.000 128 
7 13 10 2 117 6588 965 5.000 0.000 128 
7 13 10 2 118 5179 817 5.000 0.000 128 
7 13 10 2 119 5945 848 5.000 0.000 128 
7 13 10 2 120 7561 1129 5.000 0.000 128 
7 13 10 2 121 6291 928 5.000 0.000 128 
7 13 10 2 122 7075 1048 5.000 0.000 128 
7 13 10 2 123 5673 814 5.000 0.000 128 
7 13 10 2 124 7183 1105 5.000 0.000 128 
7 13 10 2 125 5771 865 5.000 0.000 128 
7 13 10 2 126 8421 1286 5.000 0.000 128 
7 13 10 2 127 5913 898 5.000 0.000 128 
7 13 10 3 0 7630 1134 5.000 0.000 128 
7 13 10 3 1 3797 617 5.000 0.000 128 
7 13 10 3 2 3778 560 5.000 0.000 128 
7 13 10 3 3 6225 930 5.000 0.000 128 
7 13 10 3 4 6571 985 5.000 0.000 128 
7 13 10 3 5 5901 879 5.000 0.000 128 
7 13 10 3 6 5651 861 5.000 0.000 128 
7 13 10 3 7 2078 358 5.000 0.000 128 
7 13 10 3 8 4462 665 5.000 0.000 128 
7 13 10 3 9 8873 1297 5.000 0.000 128 
7 13 10 3 10 4563 684 5.000 0.000 128 
7 13 10 3 11 3670 539 5.000 0.000 128 
7 13 10 3 12 3065 485 5.000 0.000 128 
7 13 10 3 13 2107 378 5.000 0.000 128 
7 13 10 3 14 4417 664 5.000 0.000 128 
7 13 10 3 15 4036 608 5.000 0.000 128 
7 13 10 3 16 5300 834 5.000 0.000 128 
7 13 10 3 17 4609 719 5.000 0.000 128 
7 13 10 3 18 5949 932 5.000 0.000 128 
7 13 10 3 19 6479 968 5.000 0.000 128 
7 13 10 3 20 5662 853 5.000 0.000 128 
7 13 10 3 21 9278 1332 5.000 0.000 128 
7 13 10 3 22 3329 481 5.000 0.000 128 
7 13 10 3 23 7204 1006 5.000 0.000 128 
7 13 10 3 24 3640 560 5.000 0.000 128 
7 13 10 3 25 8561 1260 5.000 0.000 128 
7 13 10 3 26 4813 699 5.000 0.000 128 
7 13 10 3 27 2877 434 5.000 0.000 128 
7 13 10 3 28 4036 646 5.000 0.000 128 
7 13 10 3 29 4386 693 5.000 0.000 128 
7 13 10 3 30 3381 548 5.000 0.000 128 
7 13 10 3 31 2074 316 5.000 0.000 128 
7 13 10 3 32 6030 921 5.000 0.000 128 
7 13 10 3 33 5115 765 5.000 0.000 128 
7 13 10 3 34 4429 685 5.000 0.000 128 
7 13 10 3 35 6382 931 5.000 0.000 128 
7 13 10 3 36 8711 1268 5.000 0.000 128 
7 13 10 3 37 3466 533 5.000 0.000 128 
7 13 10 3 38 5431 822 5.000 0.000 128 
7 13 10 3 39 11018 1623 5.000 0.000 128 
7 13 10 3 40 5496 800 5.000 0.000 128 
7 13 10 3 41 3951 587 5.000 0.000 128 
7 13 10 3 42 4326 627 5.000 0.000 128 
7 13 10 3 43 3616 544 5.000 0.000 128 
7 13 10 3 44 6915 1005 5.000 0.000 128 
7 13 10 3 45 7093 1071 5.000 0.000 128 
7 13 10 3 46 4702 654 5.000 0.000 128 
7 13 10 3 47 7183 1030 5.000 0.000 128 
7 13 10 3 48 4649 681 5.000 0.000 128 
7 13 10 3 49 6645 982 5.000 0.000 128 
7 13 10 3 50 5830 890 5.000 0.000 128 
7 13 10 3 51 4730 718 5.000 0.000 128 
7 13 10 3 52 5959 887 5.000 0.000 128 
7 13 10 3 53 5733 871 5.000 0.000 128 
7 13 10 3 54 4183 622 5.000 0.000 128 
7 13 10 3 55 9152 1370 5.000 0.000 128 
7 13 10 3 56 6373 921 5.000 0.000 128 
7 13 10 3 57 4958 714 5.000 0.000 128 
7 13 10 3 58 3031 479 5.000 0.000 128 
7 13 10 3 59 11851 1703 5.000 0.000 128 
7 13 10 3 60 7502 1096 5.000 0.000 128 
7 13 10 3 61 5869 834 5.000 0.000 128 
7 13 10 3 62 7947 1143 5.000 0.000 128 
7 13 10 3 63 6050 887 5.000 0.000 128 
7 13 10 3 64 5123 757 5.000 0.000 128 
7 13 10 3 65 8861 1261 5.000 0.000 128 
7 13 10 3 66 9372 1342 5.000 0.000 128 
7 13 10 3 67 4437 643 5.000 0.000 128 
7 13 10 3 68 9194 1326 5.000 0.000 128 
7 13 10 3 69 3772 581 5.000 0.000 128 
7 13 10 3 70 6170 947 5.000 0.000 128 
7 13 10 3 71 6436 918 5.000 0.000 128 
7 13 10 3 72 4554 647 5.000 0.000 128 
7 13 10 3 73 5048 745 5.000 0.000 128 
7 13 10 3 74 9668 1392 5.000 0.000 128 
7 13 10 3 75 2590 393 5.000 0.000 128 
7 13 10 3 76 7960 1203 5.000 0.000 128 
7 13 10 3 77 5696 877 5.000 0.000 128 
7 13 10 3 78 5293 776 5.000 0.000 128 
7 13 10 3 79 10941 1523 5.000 0.000 128 
7 13 10 3 80 4093 616 5.000 0.000 128 
7 13 10 3 81 5256 802 5.000 0.000 128 
7 13 10 3 82 7510 1137 5.000 0.000 128 
7 13 10 3 83 6456 933 5.000 0.000 128 
7 13 10 3 84 6615 998 5.000 0.000 128 
7 13 10 3 85 4960 736 5.000 0.000 128 
7 13 10 3 86 6922 1014 5.000 0.000 128 
7 13 10 3 87 3862 585 5.000 0.000 128 
7 13 10 3 88 7548 1072 5.000 0.000 128 
7 13 10 3 89 3926 584 5.000 0.000 128 
7 13 10 3 90 3527 520 5.000 0.000 128 
7 13 10 3 91 6666 1020 5.000 0.000 128 
7 13 10 3 92 5426 845 5.000 0.000 128 
7 13 10 3 93 5307 743 5.000 0.000 128 
7 13 10 3 94 15090 2167 5.000 0.000 128 
7 13 10 3 95 6565 958 5.000 0.000 128 
7 13 10 3 96 6135 899 5.000 0.000 128 
7 13 10 3 97 7676 1109 5.000 0.000 128 
7 13 10 3 98 8097 1180 5.000 0.000 128 
7 13 10 3 99 11643 1686 5.000 0.000 128 
7 13 10 3 100 8300 1221 5.000 0.000 128 
7 13 10 3 101 8044 1183 5.000 0.000 128 
7 13 10 3 102 8116 1160 5.000 0.000 128 
7 13 10 3 103 6581 956 5.000 0.000 128 
7 13 10 3 104 6642 1035 5.000 0.000 128 
7 13 10 3 105 3069 481 5.000 0.000 128 
7 13 10 3 106 7430 1111 5.000 0.000 128 
7 13 10 3 107 6220 918 5.000 0.000 128 
7 13 10 3 108 6595 955 5.000 0.000 128 
7 13 10 3 109 10918 1620 5.000 0.000 128 
7 13 10 3 110 5342 820 5.000 0.000 128 
7 13 10 3 111 6010 865 5.000 0.000 128 
7 13 10 3 112 5861 897 5.000 0.000 128 
7 13 10 3 113 6623 964 5.000 0.000 128 
7 13 10 3 114 7560 1159 5.000 0.000 128 
7 13 10 3 115 5624 837 5.000 0.000 128 
7 13 10 3 116 8504 1147 5.000 0.000 128 
7 13 10 3 117 3070 486 5.000 0.000 128 
7 13 10 3 118 8115 1184 5.000 0.000 128 
7 13 10 3 119 7045 1033 5.000 0.000 128 
7 13 10 3 120 5252 768 5.000 0.000 128 
7 13 10 3 121 5602 817 5.000 0.000 128 
7 13 10 3 122 4279 635 5.000 0.000 128 
7 13 10 3 123 4932 747 5.000 0.000 128 
7 13 10 3 124 4021 599 5.000 0.000 128 
7 13 10 3 125 6470 926 5.000 0.000 128 
7 13 10 3 126 3450 511 5.000 0.000 128 
7 13 10 3 127 7349 1071 5.000 0.000 128 
7 13 10 4 0 6346 946 5.000 0.000 128 
7 13 10 4 1 6011 916 5.000 0.000 128 
7 13 10 4 2 8575 1198 5.000 0.000 128 
7 13 10 4 3 9141 1324 5.000 0.000 128 
7 13 10 4 4 3929 580 5.000 0.000 128 
7 13 10 4 5 1967 308 5.000 0.000 128 
7 13 10 4 6 7996 1207 5.000 0.000 128 
7 13 10 4 7 3259 521 5.000 0.000 128 
7 13 10 4 8 2136 328 5.000 0.000 128 
7 13 10 4 9 4698 695 5.000 0.000 128 
7 13 10 4 10 4805 738 5.000 0.000 128 
7 13 10 4 11 3223 484 5.000 0.000 128 
7 13 10 4 12 4730 734 5.000 0.000 128 
7 13 10 4 13 8382 1262 5.000 0.000 128 
7 13 10 4 14 4034 591 5.000 0.000 128 
7 13 10 4 15 4216 643 5.000 0.000 128 
7 13 10 4 16 5019 738 5.000 0.000 128 
7 13 10 4 17 5658 862 5.000 0.000 128 
7 13 10 4 18 4746 756 5.000 0.000 128 
7 13 10 4 19 7668 1169 5.000 0.000 128 
7 13 10 4 20 7218 1122 5.000 0.000 128 
7 13 10 4 21 4589 716 5.000 0.000 128 
7 13 10 4 22 4520 655 5.000 0.000 128 
7 13 10 4 23 3321 548 5.000 0.000 128 
7 13 10 4 24 3263 493 5.000 0.000 128 
7 13 10 4 25 4921 770 5.000 0.000 128 
7 13 10 4 26 4626 718 5.000 0.000 128 
7 13 10 4 27 2994 444 5.000 0.000 128 
7 13 10 4 28 7039 1064 5.000 0.000 128 
7 13 10 4 29 3144 497 5.000 0.000 128 
7 13 10 4 30 4712 713 5.000 0.000 128 
7 13 10 4 31 3367 558 5.000 0.000 128 
7 13 10 4 32 3649 565 5.000 0.000 128 
7 13 10 4 33 2634 421 5.000 0.000 128 
7 13 10 4 34 6296 941 5.000 0.000 128 
7 13 10 4 35 5674 856 5.000 0.000 128 
7 13 10 4 36 3165 512 5.000 0.000 128 
7 13 10 4 37 4952 706 5.000 0.000 128 
7 13 10 4 38 5191 774 5.000 0.000 128 
7 13 10 4 39 5616 848 5.000 0.000 128 
7 13 10 4 40 3462 509 5.000 0.000 128 
7 13 10 4 41 7738 1168 5.000 0.000 128 
7 13 10 4 42 5447 814 5.000 0.000 128 
7 13 10 4 43 3573 579 5.000 0.000 128 
7 13 10 4 44 4407 663 5.000 0.000 128 
7 13 10 4 45 7151 1036 5.000 0.000 128 
7 13 10 4 46 6392 989 5.000 0.000 128 
7 13 10 4 47 2149 352 5.000 0.000 128 
7 13 10 4 48 5896 877 5.000 0.000 128 
7 13 10 4 49 6372 945 5.000 0.000 128 
7 13 10 4 50 1996 309 5.000 0.000 128 
7 13 10 4 51 6850 1009 5.000 0.000 128 
7 13 10 4 52 5152 760 5.000 0.000 128 
7 13 10 4 53 6265 951 5.000 0.000 128 
7 13 10 4 54 3627 563 5.000 0.000 128 
7 13 10 4 55 7028 1021 5.000 0.000 128 
7 13 10 4 56 2533 403 5.000 0.000 128 
7 13 10 4 57 3201 463 5.000 0.000 128 
7 13 10 4 58 6621 1028 5.000 0.000 128 
7 13 10 4 59 6595 951 5.000 0.000 128 
7 13 10 4 60 4653 672 5.000 0.000 128 
7 13 10 4 61 5621 827 5.000 0.000 128 
7 13 10 4 62 11305 1622 5.000 0.000 128 
7 13 10 4 63 7202 1034 5.000 0.000 128 
7 13 10 4 64 4377 622 5.000 0.000 128 
7 13 10 4 65 4032 594 5.000 0.000 128 
7 13 10 4 66 5622 843 5.000 0.000 128 
7 13 10 4 67 5309 816 5.000 0.000 128 
7 13 10 4 68 6919 981 5.000 0.000 128 
7 13 10 4 69 8092 1187 5.000 0.000 128 
7 13 10 4 70 4608 710 5.000 0.000 128 
7 13 10 4 71 7476 1077 5.000 0.000 128 
7 13 10 4 72 5789 856 5.000 0.000 128 
7 13 10 4 73 6055 840 5.000 0.000 128 
7 13 10 4 74 6928 1036 5.000 0.000 128 
7 13 10 4 75 5722 811 5.000 0.000 128 
7 13 10 4 76 9701 1466 5.000 0.000 128 
7 13 10 4 77 5282 788 5.000 0.000 128 
7 13 10 4 78 3514 568 5.000 0.000 128 
7 13 10 4 79 3604 551 5.000 0.000 128 
7 13 10 4 80 9928 1473 5.000 0.000 128 
7 13 10 4 81 7019 1026 5.000 0.000 128 
7 13 10 4 82 7436 1129 5.000 0.000 128 
7 13 10 4 83 4524 657 5.000 0.000 128 
7 13 10 4 84 3560 538 5.000 0.000 128 
7 13 10 4 85 5507 819 5.000 0.000 128 
7 13 10 4 86 5337 761 5.000 0.000 128 
7 13 10 4 87 8925 1314 5.000 0.000 128 
7 13 10 4 88 3121 441 5.000 0.000 128 
7 13 10 4 89 4769 684 5.000 0.000 128 
7 13 10 4 90 4007 614 5.000 0.000 128 
7 13 10 4 91 5088 751 5.000 0.000 128 
7 13 10 4 92 8016 1182 5.000 0.000 128 
7 13 10 4 93 8387 1272 5.000 0.000 128 
7 13 10 4 94 8160 1222 5.000 0.000 128 
7 13 10 4 95 5317 785 5.000 0.000 128 
7 13 10 4 96 5450 789 5.000 0.000 128 
7 13 10 4 97 6123 925 5.000 0.000 128 
7 13 10 4 98 5884 909 5.000 0.000 128 
7 13 10 4 99 5073 771 5.000 0.000 128 
7 13 10 4 100 5931 884 5.000 0.000 128 
7 13 10 4 101 6464 1051 5.000 0.000 128 
7 13 10 4 102 11088 1582 5.000 0.000 128 
7 13 10 4 103 4158 585 5.000 0.000 128 
7 13 10 4 104 7159 1013 5.000 0.000 128 
7 13 10 4 105 5020 712 5.000 0.000 128 
7 13 10 4 106 15812 2264 5.000 0.000 128 
7 13 10 4 107 8033 1148 5.000 0.000 128 
7 13 10 4 108 20888 2929 5.000 0.000 128 
7 13 10 4 109 4450 632 5.000 0.000 128 
7 13 10 4 110 5284 789 5.000 0.000 128 
7 13 10 4 111 4349 597 5.000 0.000 128 
7 13 10 4 112 4327 667 5.000 0.000 128 
7 13 10 4 113 9538 1391 5.000 0.000 128 
7 13 10 4 114 6327 886 5.000 0.000 128 
7 13 10 4 115 13803 2028 5.000 0.000 128 
7 13 10 4 116 3531 524 5.000 0.000 128 
7 13 10 4 117 4725 719 5.000 0.000 128 
7 13 10 4 118 4392 664 5.000 0.000 128 
7 13 10 4 119 10872 1513 5.000 0.000 128 
7 13 10 4 120 7269 1062 5.000 0.000 128 
7 13 10 4 121 7585 1116 5.000 0.000 128 
7 13 10 4 122 4947 722 5.000 0.000 128 
7 13 10 4 123 8059 1181 5.000 0.000 128 
7 13 10 4 124 6216 934 5.000 0.000 128 
7 13 10 4 125 8039 1206 5.000 0.000 128 
7 13 10 4 126 7125 1073 5.000 0.000 128 
7 13 10 4 127 8118 1208 5.000 0.000 128 
7 13 10 5 0 4325 619 5.000 0.000 128 
7 13 10 5 1 6842 1044 5.000 0.000 128 
7 13 10 5 2 3706 575 5.000 0.000 128 
7 13 10 5 3 3912 560 5.000 0.000 128 
7 13 10 5 4 5586 862 5.000 0.000 128 
7 13 10 5 5 1996 283 5.000 0.000 128 
7 13 10 5 6 5055 754 5.000 0.000 128 
7 13 10 5 7 5230 720 5.000 0.000 128 
7 13 10 5 8 4097 606 5.000 0.000 128 
7 13 10 5 9 4857 708 5.000 0.000 128 
7 13 10 5 10 2564 408 5.000 0.000 128 
7 13 10 5 11 3690 556 5.000 0.000 128 
7 13 10 5 12 5695 837 5.000 0.000 128 
7 13 10 5 13 4183 603 5.000 0.000 128 
7 13 10 5 14 3755 626 5.000 0.000 128 
7 13 10 5 15 4602 692 5.000 0.000 128 
7 13 10 5 16 7524 1140 5.000 0.000 128 
7 13 10 5 17 2403 369 5.000 0.000 128 
7 13 10 5 18 3563 506 5.000 0.000 128 
7 13 10 5 19 2188 295 5.000 0.000 128 
7 13 10 5 20 1197 199 5.000 0.000 128 
7 13 10 5 21 4434 675 5.000 0.000 128 
7 13 10 5 22 3984 600 5.000 0.000 128 
7 13 10 5 23 3367 482 5.000 0.000 128 
7 13 10 5 24 3423 476 5.000 0.000 128 
7 13 10 5 25 3711 580 5.000 0.000 128 
7 13 10 5 26 3269 468 5.000 0.000 128 
7 13 10 5 27 5313 812 5.000 0.000 128 
7 13 10 5 28 3342 510 5.000 0.000 128 
7 13 10 5 29 3931 586 5.000 0.000 128 
7 13 10 5 30 4656 705 5.000 0.000 128 
7 13 10 5 31 3484 523 5.000 0.000 128 
7 13 10 5 32 6864 977 5.000 0.000 128 
7 13 10 5 33 4779 684 5.000 0.000 128 
7 13 10 5 34 4879 756 5.000 0.000 128 
7 13 10 5 35 6792 968 5.000 0.000 128 
7 13 10 5 36 3454 490 5.000 0.000 128 
7 13 10 5 37 5220 733 5.000 0.000 128 
7 13 10 5 38 4268 619 5.000 0.000 128 
7 13 10 5 39 3165 481 5.000 0.000 128 
7 13 10 5 40 5338 788 5.000 0.000 128 
7 13 10 5 41 4219 604 5.000 0.000 128 
7 13 10 5 42 3492 490 5.000 0.000 128 
7 13 10 5 43 4189 581 5.000 0.000 128 
7 13 10 5 44 3169 463 5.000 0.000 128 
7 13 10 5 45 4572 659 5.000 0.000 128 
7 13 10 5 46 3919 596 5.000 0.000 128 
7 13 10 5 47 4562 658 5.000 0.000 128 
7 13 10 5 48 3153 476 5.000 0.000 128 
7 13 10 5 49 3737 560 5.000 0.000 128 
7 13 10 5 50 3881 570 5.000 0.000 128 
7 13 10 5 51 5295 823 5.000 0.000 128 
7 13 10 5 52 2466 374 5.000 0.000 128 
7 13 10 5 53 6216 973 5.000 0.000 128 
7 13 10 5 54 6875 1019 5.000 0.000 128 
7 13 10 5 55 2561 383 5.000 0.000 128 
7 13 10 5 56 4368 654 5.000 0.000 128 
7 13 10 5 57 7044 1053 5.000 0.000 128 
7 13 10 5 58 6167 915 5.000 0.000 128 
7 13 10 5 59 3813 560 5.000 0.000 128 
7 13 10 5 60 5900 881 5.000 0.000 128 
7 13 10 5 61 4789 699 5.000 0.000 128 
7 13 10 5 62 6302 926 5.000 0.000 128 
7 13 10 5 63 5781 801 5.000 0.000 128 
7 13 10 5 64 6809 1002 5.000 0.000 128 
7 13 10 5 65 9477 1342 5.000 0.000 128 
7 13 10 5 66 6423 890 5.000 0.000 128 
7 13 10 5 67 5308 768 5.000 0.000 128 
7 13 10 5 68 5681 824 5.000 0.000 128 
7 13 10 5 69 5917 855 5.000 0.000 128 
7 13 10 5 70 3369 529 5.000 0.000 128 
7 13 10 5 71 3380 481 5.000 0.000 128 
7 13 10 5 72 6699 953 5.000 0.000 128 
7 13 10 5 73 5165 756 5.000 0.000 128 
7 13 10 5 74 6005 907 5.000 0.000 128 
7 13 10 5 75 5254 813 5.000 0.000 128 
7 13 10 5 76 5772 806 5.000 0.000 128 
7 13 10 5 77 5429 774 5.000 0.000 128 
7 13 10 5 78 5277 799 5.000 0.000 128 
7 13 10 5 79 2218 358 5.000 0.000 128 
7 13 10 5 80 6541 933 5.000 0.000 128 
7 13 10 5 81 4504 627 5.000 0.000 128 
7 13 10 5 82 3667 530 5.000 0.000 128 
7 13 10 5 83 3680 570 5.000 0.000 128 
7 13 10 5 84 6329 940 5.000 0.000 128 
7 13 10 5 85 7252 1034 5.000 0.000 128 
7 13 10 5 86 9001 1328 5.000 0.000 128 
7 13 10 5 87 6397 937 5.000 0.000 128 
7 13 10 5 88 6481 913 5.000 0.000 128 
7 13 10 5 89 2708 386 5.000 0.000 128 
7 13 10 5 90 9802 1408 5.000 0.000 128 
7 13 10 5 91 7263 1036 5.000 0.000 128 
7 13 10 5 92 7293 1098 5.000 0.000 128 
7 13 10 5 93 3943 558 5.000 0.000 128 
7 13 10 5 94 3295 479 5.000 0.000 128 
7 13 10 5 95 3689 529 5.000 0.000 128 
7 13 10 5 96 6233 880 5.000 0.000 128 
7 13 10 5 97 6031 868 5.000 0.000 128 
7 13 10 5 98 5170 752 5.000 0.000 128 
7 13 10 5 99 3885 561 5.000 0.000 128 
7 13 10 5 100 5332 782 5.000 0.000 128 
7 13 10 5 101 3932 558 5.000 0.000 128 
7 13 10 5 102 8361 1220 5.000 0.000 128 
7 13 10 5 103 8605 1262 5.000 0.000 128 
7 13 10 5 104 4236 611 5.000 0.000 128 
7 13 10 5 105 2834 405 5.000 0.000 128 
7 13 10 5 106 5288 802 5.000 0.000 128 
7 13 10 5 107 4560 698 5.000 0.000 128 
7 13 10 5 108 4515 678 5.000 0.000 128 
7 13 10 5 109 4462 617 5.000 0.000 128 
7 13 10 5 110 4642 687 5.000 0.000 128 
7 13 10 5 111 6275 981 5.000 0.000 128 
7 13 10 5 112 6453 926 5.000 0.000 128 
7 13 10 5 113 3399 516 5.000 0.000 128 
7 13 10 5 114 7271 1036 5.000 0.000 128 
7 13 10 5 115 5241 754 5.000 0.000 128 
7 13 10 5 116 7447 1041 5.000 0.000 128 
7 13 10 5 117 4435 629 5.000 0.000 128 
7 13 10 5 118 7037 1067 5.000 0.000 128 
7 13 10 5 119 7194 1013 5.000 0.000 128 
7 13 10 5 120 5696 847 5.000 0.000 128 
7 13 10 5 121 2533 368 5.000 0.000 128 
7 13 10 5 122 10592 1595 5.000 0.000 128 
7 13 10 5 123 6074 888 5.000 0.000 128 
7 13 10 5 124 8603 1246 5.000 0.000 128 
7 13 10 5 125 5489 808 5.000 0.000 128 
7 13 10 5 126 8569 1260 5.000 0.000 128 
7 13 10 5 127 9339 1302 5.000 0.000 128 
7 13 10 14 0 0 0 5.000 0.000 32 
7 13 10 14 1 0 0 5.000 0.000 32 
7 13 10 14 2 0 0 5.000 0.000 32 
7 13 10 14 3 0 0 5.000 0.000 32 
7 13 10 14 4 0 0 5.000 0.000 32 
7 13 10 14 5 0 0 5.000 0.000 32 
7 13 10 14 6 0 0 5.000 0.000 32 
7 13 10 14 7 0 0 5.000 0.000 32 
7 13 10 14 8 0 0 5.000 0.000 32 
7 13 10 14 9 0 0 5.000 0.000 32 
7 13 10 14 10 0 0 5.000 0.000 32 
7 13 10 14 11 0 0 5.000 0.000 32 
7 13 10 14 12 0 0 5.000 0.000 32 
7 13 10 14 13 0 0 5.000 0.000 32 
7 13 10 14 14 0 0 5.000 0.000 32 
7 13 10 14 15 0 0 5.000 0.000 32 
7 13 10 14 16 0 0 5.000 0.000 32 
7 13 10 14 17 0 0 5.000 0.000 32 
7 13 10 14 18 0 0 5.000 0.000 32 
7 13 10 14 19 0 0 5.000 0.000 32 
7 13 10 14 20 0 0 5.000 0.000 32 
7 13 10 14 21 0 0 5.000 0.000 32 
7 13 10 14 22 0 0 5.000 0.000 32 
7 13 10 14 23 0 0 5.000 0.000 32 
7 13 10 14 24 1551 239 5.000 0.000 128 
7 13 10 14 25 2842 386 5.000 0.000 128 
7 13 10 14 26 989 135 15.327 0.248 8 
7 13 10 14 27 1286 187 5.000 0.000 128 
7 13 10 14 28 1099 185 5.000 0.000 128 
7 13 10 14 29 1118 159 5.000 0.000 128 
7 13 10 14 30 652 80 15.000 0.150 10 
7 13 10 14 31 961 127 15.000 0.150 8 
7 13 10 14 32 7550 1058 5.000 0.000 128 
7 13 10 14 33 8349 1237 5.000 0.000 128 
7 13 10 14 34 10013 1431 5.000 0.000 128 
7 13 10 14 35 2950 416 5.000 0.000 128 
7 13 10 14 36 7626 1118 5.000 0.000 128 
7 13 10 14 37 3850 569 5.000 0.000 128 
7 13 10 14 38 11070 1533 5.000 0.000 128 
7 13 10 14 39 6621 954 5.000 0.000 128 
7 13 10 14 40 3939 558 5.000 0.000 128 
7 13 10 14 41 10759 1574 5.000 0.000 128 
7 13 10 14 42 5427 806 5.000 0.000 128 
7 13 10 14 43 3719 541 5.000 0.000 128 
7 13 10 14 44 3641 570 5.000 0.000 128 
7 13 10 14 45 7750 1140 5.000 0.000 128 
7 13 10 14 46 4223 621 5.000 0.000 128 
7 13 10 14 47 4604 650 5.000 0.000 128 
7 13 10 14 48 6426 954 5.000 0.000 128 
7 13 10 14 49 4471 610 5.000 0.000 128 
7 13 10 14 50 6573 941 5.000 0.000 128 
7 13 10 14 51 8449 1189 5.000 0.000 128 
7 13 10 14 52 4859 693 5.000 0.000 128 
7 13 10 14 53 4525 663 5.000 0.000 128 
7 13 10 14 54 7441 1069 5.000 0.000 128 
7 13 10 14 55 4947 707 5.000 0.000 128 
7 13 10 14 56 8242 1187 5.000 0.000 128 
7 13 10 14 57 7866 1152 5.000 0.000 128 
7 13 10 14 58 10958 1586 5.000 0.000 128 
7 13 10 14 59 10081 1473 5.000 0.000 128 
7 13 10 14 60 2848 388 5.000 0.000 128 
7 13 10 14 61 10233 1441 5.000 0.000 128 
7 13 10 14 62 4456 662 5.000 0.000 128 
7 13 10 14 63 3784 517 5.000 0.000 128 
7 13 10 14 64 6926 978 5.000 0.000 128 
7 13 10 14 65 6497 961 5.000 0.000 128 
7 13 10 14 66 5568 796 5.000 0.000 128 
7 13 10 14 67 5269 758 5.000 0.000 128 
7 13 10 14 68 6088 900 5.000 0.000 128 
7 13 10 14 69 7573 1107 5.000 0.000 128 
7 13 10 14 70 7600 1113 5.000 0.000 128 
7 13 10 14 71 11601 1647 5.000 0.000 128 
7 13 10 14 72 6982 1032 5.000 0.000 128 
7 13 10 14 73 7239 1069 5.000 0.000 128 
7 13 10 14 74 8624 1184 5.000 0.000 128 
7 13 10 14 75 5639 822 5.000 0.000 128 
7 13 10 14 76 7986 1125 5.000 0.000 128 
7 13 10 14 77 3756 517 5.000 0.000 128 
7 13 10 14 78 5648 824 5.000 0.000 128 
7 13 10 14 79 9635 1369 5.000 0.000 128 
7 13 10 14 80 6223 914 5.000 0.000 128 
7 13 10 14 81 5324 711 5.000 0.000 128 
7 13 10 14 82 4627 654 5.000 0.000 128 
7 13 10 14 83 4344 601 5.000 0.000 128 
7 13 10 14 84 9283 1344 5.000 0.000 128 
7 13 10 14 85 7896 1095 5.000 0.000 128 
7 13 10 14 86 6939 1030 5.000 0.000 128 
7 13 10 14 87 2959 438 5.000 0.000 128 
7 13 10 14 88 5432 784 5.000 0.000 128 
7 13 10 14 89 3992 577 5.000 0.000 128 
7 13 10 14 90 4930 691 5.000 0.000 128 
7 13 10 14 91 7671 1032 5.000 0.000 128 
7 13 10 14 92 7163 1022 5.000 0.000 128 
7 13 10 14 93 9918 1330 5.000 0.000 128 
7 13 10 14 94 4698 652 5.000 0.000 128 
7 13 10 14 95 7613 1132 5.000 0.000 128 
7 13 10 14 96 8026 1142 5.000 0.000 128 
7 13 10 14 97 5915 851 5.000 0.000 128 
7 13 10 14 98 6599 886 5.000 0.000 128 
7 13 10 14 99 5133 696 5.000 0.000 128 
7 13 10 14 100 8563 1269 5.000 0.000 128 
7 13 10 14 101 6679 940 5.000 0.000 128 
7 13 10 14 102 6896 994 5.000 0.000 128 
7 13 10 14 103 8411 1226 5.000 0.000 128 
7 13 10 14 104 7962 1129 5.000 0.000 128 
7 13 10 14 105 10569 1471 5.000 0.000 128 
7 13 10 14 106 7471 1071 5.000 0.000 128 
7 13 10 14 107 9104 1342 5.000 0.000 128 
7 13 10 14 108 8008 1193 5.000 0.000 128 
7 13 10 14 109 7320 1047 5.000 0.000 128 
7 13 10 14 110 9917 1407 5.000 0.000 128 
7 13 10 14 111 11776 1696 5.000 0.000 128 
7 13 10 14 112 5102 763 5.000 0.000 128 
7 13 10 14 113 7943 1116 5.000 0.000 128 
7 13 10 14 114 8146 1181 5.000 0.000 128 
7 13 10 14 115 7590 1062 5.000 0.000 128 
7 13 10 14 116 5642 793 5.000 0.000 128 
7 13 10 14 117 7656 1113 5.000 0.000 128 
7 13 10 14 118 5624 806 5.000 0.000 128 
7 13 10 14 119 6705 939 5.000 0.000 128 
7 13 10 14 120 7231 1021 5.000 0.000 128 
7 13 10 14 121 10619 1540 5.000 0.000 128 
7 13 10 14 122 8841 1311 5.000 0.000 128 
7 13 10 14 123 5674 825 5.000 0.000 128 
7 13 10 14 124 8327 1241 5.000 0.000 128 
7 13 10 14 125 5975 868 5.000 0.000 128 
7 13 10 14 126 5850 789 5.000 0.000 128 
7 13 10 14 127 8527 1212 5.000 0.000 128 
7 13 10 15 0 0 0 5.000 0.000 32 
7 13 10 15 1 0 0 5.000 0.000 32 
7 13 10 15 2 0 0 5.000 0.000 32 
7 13 10 15 3 0 0 5.000 0.000 32 
7 13 10 15 4 0 0 5.000 0.000 32 
7 13 10 15 5 0 0 5.000 0.000 32 
7 13 10 15 6 0 0 5.000 0.000 32 
7 13 10 15 7 0 0 5.000 0.000 32 
7 13 10 15 8 0 0 5.000 0.000 32 
7 13 10 15 9 0 0 5.000 0.000 32 
7 13 10 15 10 0 0 5.000 0.000 32 
7 13 10 15 11 0 0 5.000 0.000 32 
7 13 10 15 12 0 0 5.000 0.000 32 
7 13 10 15 13 0 0 5.000 0.000 32 
7 13 10 15 14 0 0 5.000 0.000 32 
7 13 10 15 15 0 0 5.000 0.000 32 
7 13 10 15 16 0 0 5.000 0.000 32 
7 13 10 15 17 0 0 5.000 0.000 32 
7 13 10 15 18 0 0 5.000 0.000 32 
7 13 10 15 19 0 0 5.000 0.000 32 
7 13 10 15 20 0 0 5.000 0.000 32 
7 13 10 15 21 0 0 5.000 0.000 32 
7 13 10 15 22 0 0 5.000 0.000 32 
7 13 10 15 23 0 0 5.000 0.000 32 
7 13 10 15 24 1176 160 5.000 0.000 128 
7 13 10 15 25 3084 428 5.000 0.000 128 
7 13 10 15 26 548 78 15.421 0.214 10 
7 13 10 15 27 837 123 15.000 0.372 8 
7 13 10 15 28 1249 148 5.000 0.000 128 
7 13 10 15 29 443 46 15.000 0.150 24 
7 13 10 15 30 19 0 16.356 1.667 8 
7 13 10 15 31 126 12 15.000 4.174 8 
7 13 10 15 32 4811 725 5.000 0.000 128 
7 13 10 15 33 4763 720 5.000 0.000 128 
7 13 10 15 34 4257 630 5.000 0.000 128 
7 13 10 15 35 5595 840 5.000 0.000 128 
7 13 10 15 36 4795 746 5.000 0.000 128 
7 13 10 15 37 3185 473 5.000 0.000 128 
7 13 10 15 38 7131 1067 5.000 0.000 128 
7 13 10 15 39 5612 814 5.000 0.000 128 
7 13 10 15 40 7510 1126 5.000 0.000 128 
7 13 10 15 41 12169 1718 5.000 0.000 128 
7 13 10 15 42 3856 583 5.000 0.000 128 
7 13 10 15 43 6525 921 5.000 0.000 128 
7 13 10 15 44 3457 520 5.000 0.000 128 
7 13 10 15 45 5173 759 5.000 0.000 128 
7 13 10 15 46 4030 614 5.000 0.000 128 
7 13 10 15 47 5083 760 5.000 0.000 128 
7 13 10 15 48 8021 1151 5.000 0.000 128 
7 13 10 15 49 3779 564 5.000 0.000 128 
7 13 10 15 50 6484 1002 5.000 0.000 128 
7 13 10 15 51 10708 1548 5.000 0.000 128 
7 13 10 15 52 5050 728 5.000 0.000 128 
7 13 10 15 53 7521 1134 5.000 0.000 128 
7 13 10 15 54 4507 728 5.000 0.000 128 
7 13 10 15 55 8123 1175 5.000 0.000 128 
7 13 10 15 56 4504 664 5.000 0.000 128 
7 13 10 15 57 5835 869 5.000 0.000 128 
7 13 10 15 58 4687 741 5.000 0.000 128 
7 13 10 15 59 8630 1216 5.000 0.000 128 
7 13 10 15 60 6156 928 5.000 0.000 128 
7 13 10 15 61 5394 844 5.000 0.000 128 
7 13 10 15 62 6242 944 5.000 0.000 128 
7 13 10 15 63 7752 1124 5.000 0.000 128 
7 13 10 15 64 8056 1179 5.000 0.000 128 
7 13 10 15 65 7684 1161 5.000 0.000 128 
7 13 10 15 66 7111 1053 5.000 0.000 128 
7 13 10 15 67 9750 1436 5.000 0.000 128 
7 13 10 15 68 7230 1074 5.000 0.000 128 
7 13 10 15 69 9353 1390 5.000 0.000 128 
7 13 10 15 70 5495 817 5.000 0.000 128 
7 13 10 15 71 7414 1111 5.000 0.000 128 
7 13 10 15 72 4267 692 5.000 0.000 128 
7 13 10 15 73 4013 568 5.000 0.000 128 
7 13 10 15 74 7518 1067 5.000 0.000 128 
7 13 10 15 75 4243 624 5.000 0.000 128 
7 13 10 15 76 7236 1042 5.000 0.000 128 
7 13 10 15 77 7975 1207 5.000 0.000 128 
7 13 10 15 78 7455 1056 5.000 0.000 128 
7 13 10 15 79 11434 1697 5.000 0.000 128 
7 13 10 15 80 7132 1090 5.000 0.000 128 
7 13 10 15 81 6782 964 5.000 0.000 128 
7 13 10 15 82 6941 1075 5.000 0.000 128 
7 13 10 15 83 3684 558 5.000 0.000 128 
7 13 10 15 84 12098 1793 5.000 0.000 128 
7 13 10 15 85 3345 497 5.000 0.000 128 
7 13 10 15 86 8527 1230 5.000 0.000 128 
7 13 10 15 87 9358 1365 5.000 0.000 128 
7 13 10 15 88 7921 1144 5.000 0.000 128 
7 13 10 15 89 8567 1280 5.000 0.000 128 
7 13 10 15 90 6708 1022 5.000 0.000 128 
7 13 10 15 91 12447 1853 5.000 0.000 128 
7 13 10 15 92 4325 664 5.000 0.000 128 
7 13 10 15 93 8723 1316 5.000 0.000 128 
7 13 10 15 94 6125 895 5.000 0.000 128 
7 13 10 15 95 8712 1199 5.000 0.000 128 
7 13 10 15 96 9097 1374 5.000 0.000 128 
7 13 10 15 97 7845 1088 5.000 0.000 128 
7 13 10 15 98 9688 1387 5.000 0.000 128 
7 13 10 15 99 8053 1166 5.000 0.000 128 
7 13 10 15 100 8229 1160 5.000 0.000 128 
7 13 10 15 101 6264 950 5.000 0.000 128 
7 13 10 15 102 6592 933 5.000 0.000 128 
7 13 10 15 103 6465 975 5.000 0.000 128 
7 13 10 15 104 5483 845 5.000 0.000 128 
7 13 10 15 105 9054 1374 5.000 0.000 128 
7 13 10 15 106 3572 510 5.000 0.000 128 
7 13 10 15 107 7616 1155 5.000 0.000 128 
7 13 10 15 108 6608 1004 5.000 0.000 128 
7 13 10 15 109 11887 1747 5.000 0.000 128 
7 13 10 15 110 8723 1213 5.000 0.000 128 
7 13 10 15 111 13114 1834 5.000 0.000 128 
7 13 10 15 112 5639 847 5.000 0.000 128 
7 13 10 15 113 8008 1159 5.000 0.000 128 
7 13 10 15 114 18080 2599 5.000 0.000 128 
7 13 10 15 115 5045 758 5.000 0.000 128 
7 13 10 15 116 6755 979 5.000 0.000 128 
7 13 10 15 117 9588 1401 5.000 0.000 128 
7 13 10 15 118 9209 1340 5.000 0.000 128 
7 13 10 15 119 4213 632 5.000 0.000 128 
7 13 10 15 120 4061 613 5.000 0.000 128 
7 13 10 15 121 7177 1047 5.000 0.000 128 
7 13 10 15 122 9442 1413 5.000 0.000 128 
7 13 10 15 123 9573 1448 5.000 0.000 128 
7 13 10 15 124 5743 816 5.000 0.000 128 
7 13 10 15 125 13802 2060 5.000 0.000 128 
7 13 10 15 126 9266 1381 5.000 0.000 128 
7 13 10 15 127 14816 2126 5.000 0.000 128 
7 13 10 16 0 0 0 5.000 0.000 32 
7 13 10 16 1 0 0 5.000 0.000 32 
7 13 10 16 2 0 0 5.000 0.000 32 
7 13 10 16 3 0 0 5.000 0.000 32 
7 13 10 16 4 0 0 5.000 0.000 32 
7 13 10 16 5 0 0 5.000 0.000 32 
7 13 10 16 6 0 0 5.000 0.000 32 
7 13 10 16 7 0 0 5.000 0.000 32 
7 13 10 16 8 0 0 5.000 0.000 32 
7 13 10 16 9 0 0 5.000 0.000 32 
7 13 10 16 10 0 0 5.000 0.000 32 
7 13 10 16 11 0 0 5.000 0.000 32 
7 13 10 16 12 0 0 5.000 0.000 32 
7 13 10 16 13 0 0 5.000 0.000 32 
7 13 10 16 14 0 0 5.000 0.000 32 
7 13 10 16 15 0 0 5.000 0.000 32 
7 13 10 16 16 0 0 5.000 0.000 32 
7 13 10 16 17 0 0 5.000 0.000 32 
7 13 10 16 18 0 0 5.000 0.000 32 
7 13 10 16 19 0 0 5.000 0.000 32 
7 13 10 16 20 0 0 5.000 0.000 32 
7 13 10 16 21 0 0 5.000 0.000 32 
7 13 10 16 22 0 0 5.000 0.000 32 
7 13 10 16 23 0 0 5.000 0.000 32 
7 13 10 16 24 1256 151 5.000 0.000 128 
7 13 10 16 25 1495 204 5.000 0.000 128 
7 13 10 16 26 951 127 15.740 2.290 8 
7 13 10 16 27 1128 145 5.000 0.000 128 
7 13 10 16 28 1642 241 5.000 0.000 128 
7 13 10 16 29 1088 160 5.000 0.000 128 
7 13 10 16 30 1385 181 5.000 0.000 128 
7 13 10 16 31 703 113 15.000 0.150 8 
7 13 10 16 32 4243 651 5.000 0.000 128 
7 13 10 16 33 2783 455 5.000 0.000 128 
7 13 10 16 34 3488 520 5.000 0.000 128 
7 13 10 16 35 5329 827 5.000 0.000 128 
7 13 10 16 36 3856 559 5.000 0.000 128 
7 13 10 16 37 4204 579 5.000 0.000 128 
7 13 10 16 38 3956 629 5.000 0.000 128 
7 13 10 16 39 9463 1395 5.000 0.000 128 
7 13 10 16 40 7022 1063 5.000 0.000 128 
7 13 10 16 41 8535 1245 5.000 0.000 128 
7 13 10 16 42 4962 755 5.000 0.000 128 
7 13 10 16 43 3014 445 5.000 0.000 128 
7 13 10 16 44 4818 745 5.000 0.000 128 
7 13 10 16 45 4866 741 5.000 0.000 128 
7 13 10 16 46 4057 619 5.000 0.000 128 
7 13 10 16 47 6338 962 5.000 0.000 128 
7 13 10 16 48 5588 836 5.000 0.000 128 
7 13 10 16 49 5232 784 5.000 0.000 128 
7 13 10 16 50 4765 730 5.000 0.000 128 
7 13 10 16 51 3807 582 5.000 0.000 128 
7 13 10 16 52 3404 522 5.000 0.000 128 
7 13 10 16 53 5930 933 5.000 0.000 128 
7 13 10 16 54 3373 489 5.000 0.000 128 
7 13 10 16 55 4495 694 5.000 0.000 128 
7 13 10 16 56 4215 610 5.000 0.000 128 
7 13 10 16 57 6464 932 5.000 0.000 128 
7 13 10 16 58 5822 888 5.000 0.000 128 
7 13 10 16 59 4592 688 5.000 0.000 128 
7 13 10 16 60 5652 862 5.000 0.000 128 
7 13 10 16 61 8224 1166 5.000 0.000 128 
7 13 10 16 62 2875 435 5.000 0.000 128 
7 13 10 16 63 3706 571 5.000 0.000 128 
7 13 10 16 64 5042 737 5.000 0.000 128 
7 13 10 16 65 6756 957 5.000 0.000 128 
7 13 10 16 66 3875 576 5.000 0.000 128 
7 13 10 16 67 5481 832 5.000 0.000 128 
7 13 10 16 68 6804 980 5.000 0.000 128 
7 13 10 16 69 7444 1139 5.000 0.000 128 
7 13 10 16 70 4578 662 5.000 0.000 128 
7 13 10 16 71 4560 687 5.000 0.000 128 
7 13 10 16 72 4874 706 5.000 0.000 128 
7 13 10 16 73 4644 712 5.000 0.000 128 
7 13 10 16 74 10196 1485 5.000 0.000 128 
7 13 10 16 75 6456 988 5.000 0.000 128 
7 13 10 16 76 7003 1050 5.000 0.000 128 
7 13 10 16 77 2382 392 5.000 0.000 128 
7 13 10 16 78 8127 1202 5.000 0.000 128 
7 13 10 16 79 5144 764 5.000 0.000 128 
7 13 10 16 80 4986 725 5.000 0.000 128 
7 13 10 16 81 4629 711 5.000 0.000 128 
7 13 10 16 82 9390 1360 5.000 0.000 128 
7 13 10 16 83 3286 496 5.000 0.000 128 
7 13 10 16 84 8778 1289 5.000 0.000 128 
7 13 10 16 85 9352 1387 5.000 0.000 128 
7 13 10 16 86 7417 1044 5.000 0.000 128 
7 13 10 16 87 5076 754 5.000 0.000 128 
7 13 10 16 88 5068 744 5.000 0.000 128 
7 13 10 16 89 4881 717 5.000 0.000 128 
7 13 10 16 90 2986 442 5.000 0.000 128 
7 13 10 16 91 5864 842 5.000 0.000 128 
7 13 10 16 92 5586 855 5.000 0.000 128 
7 13 10 16 93 7040 1025 5.000 0.000 128 
7 13 10 16 94 10104 1504 5.000 0.000 128 
7 13 10 16 95 9197 1305 5.000 0.000 128 
7 13 10 16 96 7134 1076 5.000 0.000 128 
7 13 10 16 97 4879 738 5.000 0.000 128 
7 13 10 16 98 6206 912 5.000 0.000 128 
7 13 10 16 99 16295 2326 5.000 0.000 128 
7 13 10 16 100 4372 656 5.000 0.000 128 
7 13 10 16 101 9271 1357 5.000 0.000 128 
7 13 10 16 102 6561 927 5.000 0.000 128 
7 13 10 16 103 5893 885 5.000 0.000 128 
7 13 10 16 104 8244 1236 5.000 0.000 128 
7 13 10 16 105 4867 745 5.000 0.000 128 
7 13 10 16 106 5504 848 5.000 0.000 128 
7 13 10 16 107 4927 710 5.000 0.000 128 
7 13 10 16 108 5398 799 5.000 0.000 128 
7 13 10 16 109 5881 855 5.000 0.000 128 
7 13 10 16 110 4078 645 5.000 0.000 128 
7 13 10 16 111 5743 834 5.000 0.000 128 
7 13 10 16 112 10790 1584 5.000 0.000 128 
7 13 10 16 113 7303 1126 5.000 0.000 128 
7 13 10 16 114 5325 787 5.000 0.000 128 
7 13 10 16 115 5910 832 5.000 0.000 128 
7 13 10 16 116 5166 794 5.000 0.000 128 
7 13 10 16 117 6445 949 5.000 0.000 128 
7 13 10 16 118 8990 1346 5.000 0.000 128 
7 13 10 16 119 6767 1019 5.000 0.000 128 
7 13 10 16 120 7857 1161 5.000 0.000 128 
7 13 10 16 121 6441 949 5.000 0.000 128 
7 13 10 16 122 6570 988 5.000 0.000 128 
7 13 10 16 123 7855 1188 5.000 0.000 128 
7 13 10 16 124 7680 1151 5.000 0.000 128 
7 13 10 16 125 9119 1376 5.000 0.000 128 
7 13 10 16 126 4776 722 5.000 0.000 128 
7 13 10 16 127 4274 645 5.000 0.000 128 
7 13 10 17 0 0 0 5.000 0.000 32 
7 13 10 17 1 0 0 5.000 0.000 32 
7 13 10 17 2 0 0 5.000 0.000 32 
7 13 10 17 3 0 0 5.000 0.000 32 
7 13 10 17 4 0 0 5.000 0.000 32 
7 13 10 17 5 0 0 5.000 0.000 32 
7 13 10 17 6 0 0 5.000 0.000 32 
7 13 10 17 7 0 0 5.000 0.000 32 
7 13 10 17 8 0 0 5.000 0.000 32 
7 13 10 17 9 0 0 5.000 0.000 32 
7 13 10 17 10 0 0 5.000 0.000 32 
7 13 10 17 11 0 0 5.000 0.000 32 
7 13 10 17 12 0 0 5.000 0.000 32 
7 13 10 17 13 0 0 5.000 0.000 32 
7 13 10 17 14 0 0 5.000 0.000 32 
7 13 10 17 15 0 0 5.000 0.000 32 
7 13 10 17 16 1418 181 5.000 0.000 128 
7 13 10 17 17 1016 145 5.000 0.000 128 
7 13 10 17 18 1030 141 5.000 0.000 128 
7 13 10 17 19 818 126 15.000 0.794 8 
7 13 10 17 20 3165 440 5.000 0.000 128 
7 13 10 17 21 995 154 15.218 0.269 8 
7 13 10 17 22 1245 181 5.000 0.000 128 
7 13 10 17 23 1443 207 5.000 0.000 128 
7 13 10 17 24 6497 965 5.000 0.000 128 
7 13 10 17 25 3344 493 5.000 0.000 128 
7 13 10 17 26 4636 723 5.000 0.000 128 
7 13 10 17 27 4194 658 5.000 0.000 128 
7 13 10 17 28 3850 613 5.000 0.000 128 
7 13 10 17 29 2747 430 5.000 0.000 128 
7 13 10 17 30 7718 1204 5.000 0.000 128 
7 13 10 17 31 5410 798 5.000 0.000 128 
7 13 10 17 32 6748 996 5.000 0.000 128 
7 13 10 17 33 4094 642 5.000 0.000 128 
7 13 10 17 34 4496 674 5.000 0.000 128 
7 13 10 17 35 5655 812 5.000 0.000 128 
7 13 10 17 36 4808 720 5.000 0.000 128 
7 13 10 17 37 2170 326 5.000 0.000 128 
7 13 10 17 38 7522 1136 5.000 0.000 128 
7 13 10 17 39 2996 461 5.000 0.000 128 
7 13 10 17 40 3917 572 5.000 0.000 128 
7 13 10 17 41 3988 616 5.000 0.000 128 
7 13 10 17 42 5844 871 5.000 0.000 128 
7 13 10 17 43 5543 823 5.000 0.000 128 
7 13 10 17 44 7053 1022 5.000 0.000 128 
7 13 10 17 45 8221 1121 5.000 0.000 128 
7 13 10 17 46 5237 802 5.000 0.000 128 
7 13 10 17 47 3276 466 5.000 0.000 128 
7 13 10 17 48 6585 957 5.000 0.000 128 
7 13 10 17 49 10887 1554 5.000 0.000 128 
7 13 10 17 50 3962 594 5.000 0.000 128 
7 13 10 17 51 4665 682 5.000 0.000 128 
7 13 10 17 52 6810 1024 5.000 0.000 128 
7 13 10 17 53 3932 616 5.000 0.000 128 
7 13 10 17 54 6607 975 5.000 0.000 128 
7 13 10 17 55 4312 637 5.000 0.000 128 
7 13 10 17 56 3472 513 5.000 0.000 128 
7 13 10 17 57 7450 1039 5.000 0.000 128 
7 13 10 17 58 10383 1487 5.000 0.000 128 
7 13 10 17 59 5543 786 5.000 0.000 128 
7 13 10 17 60 5041 782 5.000 0.000 128 
7 13 10 17 61 3883 576 5.000 0.000 128 
7 13 10 17 62 7098 1023 5.000 0.000 128 
7 13 10 17 63 6967 1032 5.000 0.000 128 
7 13 10 17 64 4149 669 5.000 0.000 128 
7 13 10 17 65 10796 1613 5.000 0.000 128 
7 13 10 17 66 6169 954 5.000 0.000 128 
7 13 10 17 67 4402 703 5.000 0.000 128 
7 13 10 17 68 8521 1282 5.000 0.000 128 
7 13 10 17 69 3564 516 5.000 0.000 128 
7 13 10 17 70 13262 1935 5.000 0.000 128 
7 13 10 17 71 12587 1775 5.000 0.000 128 
7 13 10 17 72 8779 1326 5.000 0.000 128 
7 13 10 17 73 7330 1047 5.000 0.000 128 
7 13 10 17 74 4198 591 5.000 0.000 128 
7 13 10 17 75 8989 1313 5.000 0.000 128 
7 13 10 17 76 6903 1022 5.000 0.000 128 
7 13 10 17 77 8161 1215 5.000 0.000 128 
7 13 10 17 78 9537 1425 5.000 0.000 128 
7 13 10 17 79 4832 720 5.000 0.000 128 
7 13 10 17 80 4791 730 5.000 0.000 128 
7 13 10 17 81 6088 883 5.000 0.000 128 
7 13 10 17 82 7290 1059 5.000 0.000 128 
7 13 10 17 83 5070 724 5.000 0.000 128 
7 13 10 17 84 4950 735 5.000 0.000 128 
7 13 10 17 85 7142 1047 5.000 0.000 128 
7 13 10 17 86 7150 1087 5.000 0.000 128 
7 13 10 17 87 4626 705 5.000 0.000 128 
7 13 10 17 88 9796 1433 5.000 0.000 128 
7 13 10 17 89 5911 885 5.000 0.000 128 
7 13 10 17 90 5799 853 5.000 0.000 128 
7 13 10 17 91 5787 893 5.000 0.000 128 
7 13 10 17 92 9450 1419 5.000 0.000 128 
7 13 10 17 93 9580 1371 5.000 0.000 128 
7 13 10 17 94 6122 916 5.000 0.000 128 
7 13 10 17 95 6204 990 5.000 0.000 128 
7 13 10 17 96 6409 931 5.000 0.000 128 
7 13 10 17 97 7527 1083 5.000 0.000 128 
7 13 10 17 98 8565 1264 5.000 0.000 128 
7 13 10 17 99 14546 2078 5.000 0.000 128 
7 13 10 17 100 4977 761 5.000 0.000 128 
7 13 10 17 101 14599 2127 5.000 0.000 128 
7 13 10 17 102 9589 1353 5.000 0.000 128 
7 13 10 17 103 5470 780 5.000 0.000 128 
7 13 10 17 104 9164 1333 5.000 0.000 128 
7 13 10 17 105 6935 1012 5.000 0.000 128 
7 13 10 17 106 9574 1434 5.000 0.000 128 
7 13 10 17 107 9096 1316 5.000 0.000 128 
7 13 10 17 108 9234 1341 5.000 0.000 128 
7 13 10 17 109 6316 964 5.000 0.000 128 
7 13 10 17 110 9216 1282 5.000 0.000 128 
7 13 10 17 111 9853 1410 5.000 0.000 128 
7 13 10 17 112 5689 833 5.000 0.000 128 
7 13 10 17 113 8074 1101 5.000 0.000 128 
7 13 10 17 114 7866 1160 5.000 0.000 128 
7 13 10 17 115 8722 1255 5.000 0.000 128 
7 13 10 17 116 3880 578 5.000 0.000 128 
7 13 10 17 117 6971 998 5.000 0.000 128 
7 13 10 17 118 6204 922 5.000 0.000 128 
7 13 10 17 119 7620 1089 5.000 0.000 128 
7 13 10 17 120 8485 1224 5.000 0.000 128 
7 13 10 17 121 6734 1014 5.000 0.000 128 
7 13 10 17 122 4462 687 5.000 0.000 128 
7 13 10 17 123 6357 973 5.000 0.000 128 
7 13 10 17 124 5815 852 5.000 0.000 128 
7 13 10 17 125 9289 1380 5.000 0.000 128 
7 13 10 17 126 8013 1132 5.000 0.000 128 
7 13 10 17 127 8638 1264 5.000 0.000 128 
7 13 10 18 0 0 0 5.000 0.000 32 
7 13 10 18 1 0 0 5.000 0.000 32 
7 13 10 18 2 0 0 5.000 0.000 32 
7 13 10 18 3 0 0 5.000 0.000 32 
7 13 10 18 4 0 0 5.000 0.000 32 
7 13 10 18 5 0 0 5.000 0.000 32 
7 13 10 18 6 0 0 5.000 0.000 32 
7 13 10 18 7 0 0 5.000 0.000 32 
7 13 10 18 8 0 0 5.000 0.000 32 
7 13 10 18 9 0 0 5.000 0.000 32 
7 13 10 18 10 0 0 5.000 0.000 32 
7 13 10 18 11 0 0 5.000 0.000 32 
7 13 10 18 12 0 0 5.000 0.000 32 
7 13 10 18 13 0 0 5.000 0.000 32 
7 13 10 18 14 0 0 5.000 0.000 32 
7 13 10 18 15 0 0 5.000 0.000 32 
7 13 10 18 16 972 139 15.000 0.150 8 
7 13 10 18 17 991 156 15.000 0.480 8 
7 13 10 18 18 464 65 16.031 0.835 8 
7 13 10 18 19 702 82 15.000 0.150 10 
7 13 10 18 20 72 9 15.203 0.284 8 
7 13 10 18 21 2 0 5.000 0.000 32 
7 13 10 18 22 0 0 5.000 0.000 32 
7 13 10 18 23 0 0 5.000 0.000 32 
7 13 10 18 24 3892 618 5.000 0.000 128 
7 13 10 18 25 6738 965 5.000 0.000 128 
7 13 10 18 26 2042 300 5.000 0.000 128 
7 13 10 18 27 3808 547 5.000 0.000 128 
7 13 10 18 28 5076 704 5.000 0.000 128 
7 13 10 18 29 1856 253 5.000 0.000 128 
7 13 10 18 30 4176 559 5.000 0.000 128 
7 13 10 18 31 3094 421 5.000 0.000 128 
7 13 10 18 32 5087 745 5.000 0.000 128 
7 13 10 18 33 4612 720 5.000 0.000 128 
7 13 10 18 34 7147 1024 5.000 0.000 128 
7 13 10 18 35 5570 842 5.000 0.000 128 
7 13 10 18 36 4598 695 5.000 0.000 128 
7 13 10 18 37 6194 899 5.000 0.000 128 
7 13 10 18 38 5215 797 5.000 0.000 128 
7 13 10 18 39 3360 493 5.000 0.000 128 
7 13 10 18 40 2698 426 5.000 0.000 128 
7 13 10 18 41 4518 682 5.000 0.000 128 
7 13 10 18 42 7940 1189 5.000 0.000 128 
7 13 10 18 43 7803 1208 5.000 0.000 128 
7 13 10 18 44 2654 450 5.000 0.000 128 
7 13 10 18 45 4414 650 5.000 0.000 128 
7 13 10 18 46 2836 455 5.000 0.000 128 
7 13 10 18 47 8466 1218 5.000 0.000 128 
7 13 10 18 48 9187 1340 5.000 0.000 128 
7 13 10 18 49 7220 1003 5.000 0.000 128 
7 13 10 18 50 7452 1117 5.000 0.000 128 
7 13 10 18 51 4081 621 5.000 0.000 128 
7 13 10 18 52 4178 638 5.000 0.000 128 
7 13 10 18 53 7842 1123 5.000 0.000 128 
7 13 10 18 54 6766 950 5.000 0.000 128 
7 13 10 18 55 6701 998 5.000 0.000 128 
7 13 10 18 56 7245 1062 5.000 0.000 128 
7 13 10 18 57 6043 918 5.000 0.000 128 
7 13 10 18 58 8442 1308 5.000 0.000 128 
7 13 10 18 59 4521 688 5.000 0.000 128 
7 13 10 18 60 5410 808 5.000 0.000 128 
7 13 10 18 61 5530 844 5.000 0.000 128 
7 13 10 18 62 4368 701 5.000 0.000 128 
7 13 10 18 63 5940 886 5.000 0.000 128 
7 13 10 18 64 6116 878 5.000 0.000 128 
7 13 10 18 65 5332 797 5.000 0.000 128 
7 13 10 18 66 6237 907 5.000 0.000 128 
7 13 10 18 67 5458 841 5.000 0.000 128 
7 13 10 18 68 7290 1133 5.000 0.000 128 
7 13 10 18 69 4662 724 5.000 0.000 128 
7 13 10 18 70 7474 1100 5.000 0.000 128 
7 13 10 18 71 6197 884 5.000 0.000 128 
7 13 10 18 72 4485 665 5.000 0.000 128 
7 13 10 18 73 6654 928 5.000 0.000 128 
7 13 10 18 74 6610 977 5.000 0.000 128 
7 13 10 18 75 10538 1567 5.000 0.000 128 
7 13 10 18 76 10108 1415 5.000 0.000 128 
7 13 10 18 77 5303 784 5.000 0.000 128 
7 13 10 18 78 7060 1064 5.000 0.000 128 
7 13 10 18 79 6374 943 5.000 0.000 128 
7 13 10 18 80 9307 1345 5.000 0.000 128 
7 13 10 18 81 4599 686 5.000 0.000 128 
7 13 10 18 82 6552 908 5.000 0.000 128 
7 13 10 18 83 10401 1534 5.000 0.000 128 
7 13 10 18 84 5472 812 5.000 0.000 128 
7 13 10 18 85 6296 875 5.000 0.000 128 
7 13 10 18 86 5104 794 5.000 0.000 128 
7 13 10 18 87 10093 1516 5.000 0.000 128 
7 13 10 18 88 12342 1764 5.000 0.000 128 
7 13 10 18 89 6853 1028 5.000 0.000 128 
7 13 10 18 90 4791 693 5.000 0.000 128 
7 13 10 18 91 6577 989 5.000 0.000 128 
7 13 10 18 92 11020 1507 5.000 0.000 128 
7 13 10 18 93 7049 1038 5.000 0.000 128 
7 13 10 18 94 10147 1505 5.000 0.000 128 
7 13 10 18 95 5690 808 5.000 0.000 128 
7 13 10 18 96 3692 525 5.000 0.000 128 
7 13 10 18 97 10981 1580 5.000 0.000 128 
7 13 10 18 98 7306 1099 5.000 0.000 128 
7 13 10 18 99 5190 739 5.000 0.000 128 
7 13 10 18 100 3619 571 5.000 0.000 128 
7 13 10 18 101 5412 837 5.000 0.000 128 
7 13 10 18 102 6838 994 5.000 0.000 128 
7 13 10 18 103 4545 681 5.000 0.000 128 
7 13 10 18 104 8010 1207 5.000 0.000 128 
7 13 10 18 105 6772 1031 5.000 0.000 128 
7 13 10 18 106 7045 1030 5.000 0.000 128 
7 13 10 18 107 6761 1000 5.000 0.000 128 
7 13 10 18 108 7455 1111 5.000 0.000 128 
7 13 10 18 109 5119 791 5.000 0.000 128 
7 13 10 18 110 6203 901 5.000 0.000 128 
7 13 10 18 111 6341 905 5.000 0.000 128 
7 13 10 18 112 6867 1008 5.000 0.000 128 
7 13 10 18 113 7301 1119 5.000 0.000 128 
7 13 10 18 114 6754 1021 5.000 0.000 128 
7 13 10 18 115 6996 1038 5.000 0.000 128 
7 13 10 18 116 8279 1183 5.000 0.000 128 
7 13 10 18 117 8650 1251 5.000 0.000 128 
7 13 10 18 118 5964 879 5.000 0.000 128 
7 13 10 18 119 6587 955 5.000 0.000 128 
7 13 10 18 120 7470 1143 5.000 0.000 128 
7 13 10 18 121 7492 1101 5.000 0.000 128 
7 13 10 18 122 7671 1155 5.000 0.000 128 
7 13 10 18 123 8706 1266 5.000 0.000 128 
7 13 10 18 124 7165 1052 5.000 0.000 128 
7 13 10 18 125 5692 858 5.000 0.000 128 
7 13 10 18 126 8116 1182 5.000 0.000 128 
7 13 10 18 127 6756 1015 5.000 0.000 128 
7 13 10 19 0 360918 48171 5.000 0.000 128 
7 13 10 19 127 1800 281 5.000 0.000 128 
7 13 10 25 0 11931 1715 5.000 0.000 128 
7 13 10 25 2 2131 339 5.000 0.000 128 
7 13 10 25 16 2547 401 5.000 0.000 128 
6 1 3 20 110 25123 3565 5.000 0.000 128 
6 2 6 2 24 443 113 42.880 7.500 9 
7 8 3 4 110 926 150 15.000 7.281 8 
7 8 3 4 126 708 120 17.784 5.617 12 
7 8 3 5 112 807 158 19.563 7.500 12 
7 8 3 7 126 812 134 15.846 7.304 8 
7 8 3 9 126 752 133 17.086 7.500 12 
7 8 3 12 126 726 116 17.886 5.720 12 
7 8 3 13 108 860 147 15.000 5.859 8 
7 8 3 13 126 819 130 16.345 1.808 12 
7 8 3 18 44 1774 319 5.000 0.000 128 
7 8 3 21 126 713 119 22.263 5.926 12 
7 8 3 23 126 765 135 18.040 6.656 12 
