1 12 8 3 105 2423 348 5.000 0.000 128 
1 12 8 3 109 21166 3013 5.000 0.000 128 
0 4 4 9 101 9061 1301 5.000 0.000 128 
1 8 7 16 94 28793 4002 5.000 0.000 128 
3 10 10 26 31 7173 1037 5.000 0.000 128 
2 1 3 18 70 6460 942 5.000 0.000 128 
2 3 9 3 91 43212 6045 5.000 0.000 128 
2 4 1 14 37 37249 5278 5.000 0.000 128 
3 7 8 15 102 31115 4387 5.000 0.000 128 
3 7 8 18 102 2363 354 5.000 0.000 128 
3 7 8 18 104 8566 1226 5.000 0.000 128 
3 8 3 6 0 3544 508 5.000 0.000 128 
3 8 3 6 1 3048 460 5.000 0.000 128 
3 8 3 6 2 5278 782 5.000 0.000 128 
3 8 3 6 3 1077 173 5.000 0.000 128 
3 8 3 6 4 1617 279 5.000 0.000 128 
3 8 3 6 5 3466 490 5.000 0.000 128 
3 8 3 6 6 3855 568 5.000 0.000 128 
3 8 3 6 7 2274 357 5.000 0.000 128 
3 8 3 6 8 2239 353 5.000 0.000 128 
3 8 3 6 9 3161 486 5.000 0.000 128 
3 8 3 6 10 2858 463 5.000 0.000 128 
3 8 3 6 11 2751 417 5.000 0.000 128 
3 8 3 6 12 3325 507 5.000 0.000 128 
3 8 3 6 13 3614 521 5.000 0.000 128 
3 8 3 6 14 2411 356 5.000 0.000 128 
3 8 3 6 15 2584 353 5.000 0.000 128 
3 8 3 6 16 2639 421 5.000 0.000 128 
3 8 3 6 17 3155 498 5.000 0.000 128 
3 8 3 6 18 4031 611 5.000 0.000 128 
3 8 3 6 19 3519 557 5.000 0.000 128 
3 8 3 6 20 3886 565 5.000 0.000 128 
3 8 3 6 21 3625 548 5.000 0.000 128 
3 8 3 6 22 4853 711 5.000 0.000 128 
3 8 3 6 23 3351 482 5.000 0.000 128 
3 8 3 6 24 5419 837 5.000 0.000 128 
3 8 3 6 25 2868 410 5.000 0.000 128 
3 8 3 6 26 3445 504 5.000 0.000 128 
3 8 3 6 27 3200 453 5.000 0.000 128 
3 8 3 6 28 4281 597 5.000 0.000 128 
3 8 3 6 29 3341 451 5.000 0.000 128 
3 8 3 6 30 3261 503 5.000 0.000 128 
3 8 3 6 31 2227 343 5.000 0.000 128 
3 8 3 6 32 4351 640 5.000 0.000 128 
3 8 3 6 33 5702 869 5.000 0.000 128 
3 8 3 6 34 2768 408 5.000 0.000 128 
3 8 3 6 35 4653 649 5.000 0.000 128 
3 8 3 6 36 3322 491 5.000 0.000 128 
3 8 3 6 37 4243 643 5.000 0.000 128 
3 8 3 6 38 5304 788 5.000 0.000 128 
3 8 3 6 39 3882 571 5.000 0.000 128 
3 8 3 6 40 3845 591 5.000 0.000 128 
3 8 3 6 41 4099 622 5.000 0.000 128 
3 8 3 6 42 5411 768 5.000 0.000 128 
3 8 3 6 43 3258 511 5.000 0.000 128 
3 8 3 6 44 3557 561 5.000 0.000 128 
3 8 3 6 45 3846 597 5.000 0.000 128 
3 8 3 6 46 4956 725 5.000 0.000 128 
3 8 3 6 47 2248 346 5.000 0.000 128 
3 8 3 6 48 3814 572 5.000 0.000 128 
3 8 3 6 49 2041 288 5.000 0.000 128 
3 8 3 6 50 2228 349 5.000 0.000 128 
3 8 3 6 51 6004 931 5.000 0.000 128 
3 8 3 6 52 2861 444 5.000 0.000 128 
3 8 3 6 53 3851 559 5.000 0.000 128 
3 8 3 6 54 4049 597 5.000 0.000 128 
3 8 3 6 55 3465 490 5.000 0.000 128 
3 8 3 6 56 4137 592 5.000 0.000 128 
3 8 3 6 57 2168 313 5.000 0.000 128 
3 8 3 6 58 3908 568 5.000 0.000 128 
3 8 3 6 59 2720 387 5.000 0.000 128 
3 8 3 6 60 1823 290 5.000 0.000 128 
3 8 3 6 61 2851 440 5.000 0.000 128 
3 8 3 6 62 7448 1104 5.000 0.000 128 
3 8 3 6 63 8542 1265 5.000 0.000 128 
3 8 3 6 64 3165 483 5.000 0.000 128 
3 8 3 6 65 3601 518 5.000 0.000 128 
3 8 3 6 66 4954 720 5.000 0.000 128 
3 8 3 6 67 4559 714 5.000 0.000 128 
3 8 3 6 68 6739 990 5.000 0.000 128 
3 8 3 6 69 1706 272 5.000 0.000 128 
3 8 3 6 70 4150 625 5.000 0.000 128 
3 8 3 6 71 4776 689 5.000 0.000 128 
3 8 3 6 72 3220 472 5.000 0.000 128 
3 8 3 6 73 4647 676 5.000 0.000 128 
3 8 3 6 74 4091 598 5.000 0.000 128 
3 8 3 6 75 3507 550 5.000 0.000 128 
3 8 3 6 76 3403 500 5.000 0.000 128 
3 8 3 6 77 4264 614 5.000 0.000 128 
3 8 3 6 78 2611 418 5.000 0.000 128 
3 8 3 6 79 4048 619 5.000 0.000 128 
3 8 3 6 80 4220 604 5.000 0.000 128 
3 8 3 6 81 4934 722 5.000 0.000 128 
3 8 3 6 82 6495 928 5.000 0.000 128 
3 8 3 6 83 5889 854 5.000 0.000 128 
3 8 3 6 84 3703 526 5.000 0.000 128 
3 8 3 6 85 7645 1114 5.000 0.000 128 
3 8 3 6 86 2928 459 5.000 0.000 128 
3 8 3 6 87 4210 583 5.000 0.000 128 
3 8 3 6 88 6491 942 5.000 0.000 128 
3 8 3 6 89 4711 686 5.000 0.000 128 
3 8 3 6 90 5444 770 5.000 0.000 128 
3 8 3 6 91 5925 814 5.000 0.000 128 
3 8 3 6 92 2042 359 5.000 0.000 128 
3 8 3 6 93 3849 574 5.000 0.000 128 
3 8 3 6 94 5165 715 5.000 0.000 128 
3 8 3 6 95 4427 642 5.000 0.000 128 
3 8 3 6 96 4271 639 5.000 0.000 128 
3 8 3 6 97 3525 555 5.000 0.000 128 
3 8 3 6 98 8244 1229 5.000 0.000 128 
3 8 3 6 99 6641 966 5.000 0.000 128 
3 8 3 6 100 4315 663 5.000 0.000 128 
3 8 3 6 101 4815 777 5.000 0.000 128 
3 8 3 6 102 6632 947 5.000 0.000 128 
3 8 3 6 103 5673 806 5.000 0.000 128 
3 8 3 6 104 2029 328 5.000 0.000 128 
3 8 3 6 105 3659 513 5.000 0.000 128 
3 8 3 6 106 5074 735 5.000 0.000 128 
3 8 3 6 107 4829 702 5.000 0.000 128 
3 8 3 6 108 4904 770 5.000 0.000 128 
3 8 3 6 109 5693 850 5.000 0.000 128 
3 8 3 6 110 4603 659 5.000 0.000 128 
3 8 3 6 111 3386 488 5.000 0.000 128 
3 8 3 6 112 6243 881 5.000 0.000 128 
3 8 3 6 113 3388 497 5.000 0.000 128 
3 8 3 6 114 4681 732 5.000 0.000 128 
3 8 3 6 115 4018 585 5.000 0.000 128 
3 8 3 6 116 4014 626 5.000 0.000 128 
3 8 3 6 117 6858 996 5.000 0.000 128 
3 8 3 6 118 3688 542 5.000 0.000 128 
3 8 3 6 119 4736 700 5.000 0.000 128 
3 8 3 6 120 4923 768 5.000 0.000 128 
3 8 3 6 121 4325 641 5.000 0.000 128 
3 8 3 6 122 4853 677 5.000 0.000 128 
3 8 3 6 123 4070 597 5.000 0.000 128 
3 8 3 6 124 6104 869 5.000 0.000 128 
3 8 3 6 125 5945 847 5.000 0.000 128 
3 8 3 6 126 4312 626 5.000 0.000 128 
3 8 3 6 127 3856 607 5.000 0.000 128 
3 8 3 7 0 3532 537 5.000 0.000 128 
3 8 3 7 1 1948 347 5.000 0.000 128 
3 8 3 7 2 1989 284 5.000 0.000 128 
3 8 3 7 3 2281 366 5.000 0.000 128 
3 8 3 7 4 2248 349 5.000 0.000 128 
3 8 3 7 5 1316 227 5.000 0.000 128 
3 8 3 7 6 1874 265 5.000 0.000 128 
3 8 3 7 7 1314 243 5.000 0.000 128 
3 8 3 7 8 3211 492 5.000 0.000 128 
3 8 3 7 9 3956 555 5.000 0.000 128 
3 8 3 7 10 1809 287 5.000 0.000 128 
3 8 3 7 11 2473 365 5.000 0.000 128 
3 8 3 7 12 1788 312 5.000 0.000 128 
3 8 3 7 13 2487 386 5.000 0.000 128 
3 8 3 7 14 2782 428 5.000 0.000 128 
3 8 3 7 15 2823 417 5.000 0.000 128 
3 8 3 7 16 2094 330 5.000 0.000 128 
3 8 3 7 17 2770 425 5.000 0.000 128 
3 8 3 7 18 5867 856 5.000 0.000 128 
3 8 3 7 19 3091 497 5.000 0.000 128 
3 8 3 7 20 5649 810 5.000 0.000 128 
3 8 3 7 21 2944 423 5.000 0.000 128 
3 8 3 7 22 1744 264 5.000 0.000 128 
3 8 3 7 23 5225 792 5.000 0.000 128 
3 8 3 7 24 4818 712 5.000 0.000 128 
3 8 3 7 25 1934 323 5.000 0.000 128 
3 8 3 7 26 2800 441 5.000 0.000 128 
3 8 3 7 27 3880 591 5.000 0.000 128 
3 8 3 7 28 3238 505 5.000 0.000 128 
3 8 3 7 29 4391 631 5.000 0.000 128 
3 8 3 7 30 3673 543 5.000 0.000 128 
3 8 3 7 31 3474 515 5.000 0.000 128 
3 8 3 7 32 2942 442 5.000 0.000 128 
3 8 3 7 33 3236 513 5.000 0.000 128 
3 8 3 7 34 2492 376 5.000 0.000 128 
3 8 3 7 35 3670 574 5.000 0.000 128 
3 8 3 7 36 6092 895 5.000 0.000 128 
3 8 3 7 37 2313 374 5.000 0.000 128 
3 8 3 7 38 3568 540 5.000 0.000 128 
3 8 3 7 39 2921 460 5.000 0.000 128 
3 8 3 7 40 5173 770 5.000 0.000 128 
3 8 3 7 41 3633 536 5.000 0.000 128 
3 8 3 7 42 6309 931 5.000 0.000 128 
3 8 3 7 43 2722 422 5.000 0.000 128 
3 8 3 7 44 3368 533 5.000 0.000 128 
3 8 3 7 45 3923 561 5.000 0.000 128 
3 8 3 7 46 5439 785 5.000 0.000 128 
3 8 3 7 47 4649 693 5.000 0.000 128 
3 8 3 7 48 2740 450 5.000 0.000 128 
3 8 3 7 49 4308 641 5.000 0.000 128 
3 8 3 7 50 2131 331 5.000 0.000 128 
3 8 3 7 51 4832 685 5.000 0.000 128 
3 8 3 7 52 2430 371 5.000 0.000 128 
3 8 3 7 53 3184 467 5.000 0.000 128 
3 8 3 7 54 1855 285 5.000 0.000 128 
3 8 3 7 55 2675 405 5.000 0.000 128 
3 8 3 7 56 2422 367 5.000 0.000 128 
3 8 3 7 57 5950 837 5.000 0.000 128 
3 8 3 7 58 5349 771 5.000 0.000 128 
3 8 3 7 59 8751 1238 5.000 0.000 128 
3 8 3 7 60 6199 924 5.000 0.000 128 
3 8 3 7 61 4657 720 5.000 0.000 128 
3 8 3 7 62 3161 465 5.000 0.000 128 
3 8 3 7 63 2728 419 5.000 0.000 128 
3 8 3 7 64 4708 660 5.000 0.000 128 
3 8 3 7 65 2896 449 5.000 0.000 128 
3 8 3 7 66 3205 497 5.000 0.000 128 
3 8 3 7 67 3093 482 5.000 0.000 128 
3 8 3 7 68 3200 487 5.000 0.000 128 
3 8 3 7 69 5134 753 5.000 0.000 128 
3 8 3 7 70 4167 584 5.000 0.000 128 
3 8 3 7 71 4543 728 5.000 0.000 128 
3 8 3 7 72 2871 441 5.000 0.000 128 
3 8 3 7 73 1816 275 5.000 0.000 128 
3 8 3 7 74 2184 319 5.000 0.000 128 
3 8 3 7 75 4396 662 5.000 0.000 128 
3 8 3 7 76 6016 873 5.000 0.000 128 
3 8 3 7 77 5116 779 5.000 0.000 128 
3 8 3 7 78 3844 560 5.000 0.000 128 
3 8 3 7 79 3704 534 5.000 0.000 128 
3 8 3 7 80 5856 871 5.000 0.000 128 
3 8 3 7 81 3765 570 5.000 0.000 128 
3 8 3 7 82 6468 947 5.000 0.000 128 
3 8 3 7 83 2891 463 5.000 0.000 128 
3 8 3 7 84 5386 735 5.000 0.000 128 
3 8 3 7 85 3248 493 5.000 0.000 128 
3 8 3 7 86 9124 1354 5.000 0.000 128 
3 8 3 7 87 4072 607 5.000 0.000 128 
3 8 3 7 88 4535 662 5.000 0.000 128 
3 8 3 7 89 3983 588 5.000 0.000 128 
3 8 3 7 90 6650 983 5.000 0.000 128 
3 8 3 7 91 8254 1216 5.000 0.000 128 
3 8 3 7 92 6009 875 5.000 0.000 128 
3 8 3 7 93 3474 499 5.000 0.000 128 
3 8 3 7 94 3528 526 5.000 0.000 128 
3 8 3 7 95 1937 303 5.000 0.000 128 
3 8 3 7 96 5151 728 5.000 0.000 128 
3 8 3 7 97 5376 751 5.000 0.000 128 
3 8 3 7 98 3754 512 5.000 0.000 128 
3 8 3 7 99 3834 539 5.000 0.000 128 
3 8 3 7 100 4390 644 5.000 0.000 128 
3 8 3 7 101 6129 879 5.000 0.000 128 
3 8 3 7 102 4682 644 5.000 0.000 128 
3 8 3 7 103 8574 1193 5.000 0.000 128 
3 8 3 7 104 5746 897 5.000 0.000 128 
3 8 3 7 105 7430 1129 5.000 0.000 128 
3 8 3 7 106 7081 1014 5.000 0.000 128 
3 8 3 7 107 2318 366 5.000 0.000 128 
3 8 3 7 108 3011 463 5.000 0.000 128 
3 8 3 7 109 8580 1226 5.000 0.000 128 
3 8 3 7 110 5345 780 5.000 0.000 128 
3 8 3 7 111 4816 726 5.000 0.000 128 
3 8 3 7 112 1420 229 5.000 0.000 128 
3 8 3 7 113 3443 523 5.000 0.000 128 
3 8 3 7 114 6345 939 5.000 0.000 128 
3 8 3 7 115 4693 712 5.000 0.000 128 
3 8 3 7 116 4977 739 5.000 0.000 128 
3 8 3 7 117 3884 557 5.000 0.000 128 
3 8 3 7 118 5498 822 5.000 0.000 128 
3 8 3 7 119 4716 676 5.000 0.000 128 
3 8 3 7 120 4579 694 5.000 0.000 128 
3 8 3 7 121 7704 1141 5.000 0.000 128 
3 8 3 7 122 5009 736 5.000 0.000 128 
3 8 3 7 123 6986 1041 5.000 0.000 128 
3 8 3 7 124 2680 366 5.000 0.000 128 
3 8 3 7 125 5999 851 5.000 0.000 128 
3 8 3 7 126 4733 701 5.000 0.000 128 
3 8 3 7 127 3864 556 5.000 0.000 128 
3 8 3 8 0 3759 539 5.000 0.000 128 
3 8 3 8 1 2716 426 5.000 0.000 128 
3 8 3 8 2 3622 535 5.000 0.000 128 
3 8 3 8 3 2379 358 5.000 0.000 128 
3 8 3 8 4 3520 501 5.000 0.000 128 
3 8 3 8 5 1545 259 5.000 0.000 128 
3 8 3 8 6 2285 345 5.000 0.000 128 
3 8 3 8 7 2657 413 5.000 0.000 128 
3 8 3 8 8 2137 340 5.000 0.000 128 
3 8 3 8 9 2476 385 5.000 0.000 128 
3 8 3 8 10 4317 654 5.000 0.000 128 
3 8 3 8 11 4538 682 5.000 0.000 128 
3 8 3 8 12 2396 387 5.000 0.000 128 
3 8 3 8 13 2044 344 5.000 0.000 128 
3 8 3 8 14 3215 462 5.000 0.000 128 
3 8 3 8 15 5514 801 5.000 0.000 128 
3 8 3 8 16 3128 455 5.000 0.000 128 
3 8 3 8 17 3735 572 5.000 0.000 128 
3 8 3 8 18 2595 401 5.000 0.000 128 
3 8 3 8 19 1683 262 5.000 0.000 128 
3 8 3 8 20 4916 733 5.000 0.000 128 
3 8 3 8 21 2998 441 5.000 0.000 128 
3 8 3 8 22 3573 527 5.000 0.000 128 
3 8 3 8 23 2235 332 5.000 0.000 128 
3 8 3 8 24 2140 345 5.000 0.000 128 
3 8 3 8 25 2168 345 5.000 0.000 128 
3 8 3 8 26 3578 519 5.000 0.000 128 
3 8 3 8 27 6599 979 5.000 0.000 128 
3 8 3 8 28 3670 511 5.000 0.000 128 
3 8 3 8 29 4272 641 5.000 0.000 128 
3 8 3 8 30 2148 347 5.000 0.000 128 
3 8 3 8 31 3083 445 5.000 0.000 128 
3 8 3 8 32 3379 523 5.000 0.000 128 
3 8 3 8 33 4770 700 5.000 0.000 128 
3 8 3 8 34 3183 462 5.000 0.000 128 
3 8 3 8 35 4974 738 5.000 0.000 128 
3 8 3 8 36 5233 817 5.000 0.000 128 
3 8 3 8 37 2604 380 5.000 0.000 128 
3 8 3 8 38 1837 307 5.000 0.000 128 
3 8 3 8 39 2545 385 5.000 0.000 128 
3 8 3 8 40 3910 588 5.000 0.000 128 
3 8 3 8 41 3825 569 5.000 0.000 128 
3 8 3 8 42 3221 468 5.000 0.000 128 
3 8 3 8 43 2148 319 5.000 0.000 128 
3 8 3 8 44 2297 342 5.000 0.000 128 
3 8 3 8 45 3840 565 5.000 0.000 128 
3 8 3 8 46 4867 731 5.000 0.000 128 
3 8 3 8 47 4797 703 5.000 0.000 128 
3 8 3 8 48 3010 458 5.000 0.000 128 
3 8 3 8 49 1983 309 5.000 0.000 128 
3 8 3 8 50 2499 375 5.000 0.000 128 
3 8 3 8 51 2864 458 5.000 0.000 128 
3 8 3 8 52 3621 546 5.000 0.000 128 
3 8 3 8 53 2110 330 5.000 0.000 128 
3 8 3 8 54 2723 388 5.000 0.000 128 
3 8 3 8 55 4731 656 5.000 0.000 128 
3 8 3 8 56 2763 410 5.000 0.000 128 
3 8 3 8 57 2628 408 5.000 0.000 128 
3 8 3 8 58 3068 479 5.000 0.000 128 
3 8 3 8 59 3333 520 5.000 0.000 128 
3 8 3 8 60 5539 805 5.000 0.000 128 
3 8 3 8 61 6616 962 5.000 0.000 128 
3 8 3 8 62 2942 444 5.000 0.000 128 
3 8 3 8 63 4117 617 5.000 0.000 128 
3 8 3 8 64 1548 256 5.000 0.000 128 
3 8 3 8 65 4027 620 5.000 0.000 128 
3 8 3 8 66 4501 679 5.000 0.000 128 
3 8 3 8 67 4099 642 5.000 0.000 128 
3 8 3 8 68 4198 638 5.000 0.000 128 
3 8 3 8 69 3991 574 5.000 0.000 128 
3 8 3 8 70 7334 1051 5.000 0.000 128 
3 8 3 8 71 6380 946 5.000 0.000 128 
3 8 3 8 72 7446 1004 5.000 0.000 128 
3 8 3 8 73 2697 392 5.000 0.000 128 
3 8 3 8 74 2522 358 5.000 0.000 128 
3 8 3 8 75 9364 1367 5.000 0.000 128 
3 8 3 8 76 5423 800 5.000 0.000 128 
3 8 3 8 77 3053 450 5.000 0.000 128 
3 8 3 8 78 3196 520 5.000 0.000 128 
3 8 3 8 79 3099 464 5.000 0.000 128 
3 8 3 8 80 5042 715 5.000 0.000 128 
3 8 3 8 81 4724 756 5.000 0.000 128 
3 8 3 8 82 3532 534 5.000 0.000 128 
3 8 3 8 83 3131 489 5.000 0.000 128 
3 8 3 8 84 4514 682 5.000 0.000 128 
3 8 3 8 85 3843 584 5.000 0.000 128 
3 8 3 8 86 7086 1004 5.000 0.000 128 
3 8 3 8 87 3479 525 5.000 0.000 128 
3 8 3 8 88 2869 418 5.000 0.000 128 
3 8 3 8 89 6875 1012 5.000 0.000 128 
3 8 3 8 90 4151 640 5.000 0.000 128 
3 8 3 8 91 4984 754 5.000 0.000 128 
3 8 3 8 92 4144 589 5.000 0.000 128 
3 8 3 8 93 2840 427 5.000 0.000 128 
3 8 3 8 94 3923 594 5.000 0.000 128 
3 8 3 8 95 7808 1132 5.000 0.000 128 
3 8 3 8 96 5997 888 5.000 0.000 128 
3 8 3 8 97 4950 708 5.000 0.000 128 
3 8 3 8 98 2991 470 5.000 0.000 128 
3 8 3 8 99 4136 636 5.000 0.000 128 
3 8 3 8 100 3055 450 5.000 0.000 128 
3 8 3 8 101 4538 677 5.000 0.000 128 
3 8 3 8 102 5852 818 5.000 0.000 128 
3 8 3 8 103 3216 474 5.000 0.000 128 
3 8 3 8 104 4712 693 5.000 0.000 128 
3 8 3 8 105 2421 372 5.000 0.000 128 
3 8 3 8 106 5957 919 5.000 0.000 128 
3 8 3 8 107 2132 348 5.000 0.000 128 
3 8 3 8 108 2619 411 5.000 0.000 128 
3 8 3 8 109 4636 723 5.000 0.000 128 
3 8 3 8 110 2550 384 5.000 0.000 128 
3 8 3 8 111 6021 897 5.000 0.000 128 
3 8 3 8 112 2105 322 5.000 0.000 128 
3 8 3 8 113 5729 853 5.000 0.000 128 
3 8 3 8 114 3510 541 5.000 0.000 128 
3 8 3 8 115 4106 607 5.000 0.000 128 
3 8 3 8 116 4052 575 5.000 0.000 128 
3 8 3 8 117 7020 1015 5.000 0.000 128 
3 8 3 8 118 3374 492 5.000 0.000 128 
3 8 3 8 119 3053 469 5.000 0.000 128 
3 8 3 8 120 2683 396 5.000 0.000 128 
3 8 3 8 121 3414 533 5.000 0.000 128 
3 8 3 8 122 4706 690 5.000 0.000 128 
3 8 3 8 123 3849 605 5.000 0.000 128 
3 8 3 8 124 3068 460 5.000 0.000 128 
3 8 3 8 125 4226 629 5.000 0.000 128 
3 8 3 8 126 4935 678 5.000 0.000 128 
3 8 3 8 127 1790 297 5.000 0.000 128 
3 8 3 9 0 2307 369 5.000 0.000 128 
3 8 3 9 1 3520 525 5.000 0.000 128 
3 8 3 9 2 1247 205 5.000 0.000 128 
3 8 3 9 3 1653 278 5.000 0.000 128 
3 8 3 9 4 1461 249 5.000 0.000 128 
3 8 3 9 5 2559 397 5.000 0.000 128 
3 8 3 9 6 3913 571 5.000 0.000 128 
3 8 3 9 7 2402 361 5.000 0.000 128 
3 8 3 9 8 2396 374 5.000 0.000 128 
3 8 3 9 9 1880 303 5.000 0.000 128 
3 8 3 9 10 1820 289 5.000 0.000 128 
3 8 3 9 11 2156 349 5.000 0.000 128 
3 8 3 9 12 2665 383 5.000 0.000 128 
3 8 3 9 13 2486 375 5.000 0.000 128 
3 8 3 9 14 4867 702 5.000 0.000 128 
3 8 3 9 15 4027 625 5.000 0.000 128 
3 8 3 9 16 1825 275 5.000 0.000 128 
3 8 3 9 17 2369 353 5.000 0.000 128 
3 8 3 9 18 2312 351 5.000 0.000 128 
3 8 3 9 19 6503 946 5.000 0.000 128 
3 8 3 9 20 2043 336 5.000 0.000 128 
3 8 3 9 21 2899 448 5.000 0.000 128 
3 8 3 9 22 3401 514 5.000 0.000 128 
3 8 3 9 23 3900 575 5.000 0.000 128 
3 8 3 9 24 5415 819 5.000 0.000 128 
3 8 3 9 25 4336 644 5.000 0.000 128 
3 8 3 9 26 2810 405 5.000 0.000 128 
3 8 3 9 27 3497 494 5.000 0.000 128 
3 8 3 9 28 3643 626 5.000 0.000 128 
3 8 3 9 29 3516 549 5.000 0.000 128 
3 8 3 9 30 2612 386 5.000 0.000 128 
3 8 3 9 31 3209 510 5.000 0.000 128 
3 8 3 9 32 2424 374 5.000 0.000 128 
3 8 3 9 33 4174 665 5.000 0.000 128 
3 8 3 9 34 5128 763 5.000 0.000 128 
3 8 3 9 35 2284 355 5.000 0.000 128 
3 8 3 9 36 3399 480 5.000 0.000 128 
3 8 3 9 37 2895 469 5.000 0.000 128 
3 8 3 9 38 2273 341 5.000 0.000 128 
3 8 3 9 39 4543 636 5.000 0.000 128 
3 8 3 9 40 4181 639 5.000 0.000 128 
3 8 3 9 41 2439 386 5.000 0.000 128 
3 8 3 9 42 2416 379 5.000 0.000 128 
3 8 3 9 43 3103 470 5.000 0.000 128 
3 8 3 9 44 3250 473 5.000 0.000 128 
3 8 3 9 45 3327 491 5.000 0.000 128 
3 8 3 9 46 5903 841 5.000 0.000 128 
3 8 3 9 47 2912 427 5.000 0.000 128 
3 8 3 9 48 1901 289 5.000 0.000 128 
3 8 3 9 49 4349 611 5.000 0.000 128 
3 8 3 9 50 3741 575 5.000 0.000 128 
3 8 3 9 51 3183 488 5.000 0.000 128 
3 8 3 9 52 4742 665 5.000 0.000 128 
3 8 3 9 53 2784 431 5.000 0.000 128 
3 8 3 9 54 3539 577 5.000 0.000 128 
3 8 3 9 55 5529 819 5.000 0.000 128 
3 8 3 9 56 3691 508 5.000 0.000 128 
3 8 3 9 57 1988 327 5.000 0.000 128 
3 8 3 9 58 2569 400 5.000 0.000 128 
3 8 3 9 59 5530 819 5.000 0.000 128 
3 8 3 9 60 3976 632 5.000 0.000 128 
3 8 3 9 61 2471 375 5.000 0.000 128 
3 8 3 9 62 3406 536 5.000 0.000 128 
3 8 3 9 63 5965 850 5.000 0.000 128 
3 8 3 9 64 3415 511 5.000 0.000 128 
3 8 3 9 65 4112 593 5.000 0.000 128 
3 8 3 9 66 4652 684 5.000 0.000 128 
3 8 3 9 67 4675 688 5.000 0.000 128 
3 8 3 9 68 4407 695 5.000 0.000 128 
3 8 3 9 69 4066 643 5.000 0.000 128 
3 8 3 9 70 4698 659 5.000 0.000 128 
3 8 3 9 71 3588 511 5.000 0.000 128 
3 8 3 9 72 4896 739 5.000 0.000 128 
3 8 3 9 73 2707 428 5.000 0.000 128 
3 8 3 9 74 1910 331 5.000 0.000 128 
3 8 3 9 75 3211 528 5.000 0.000 128 
3 8 3 9 76 8134 1187 5.000 0.000 128 
3 8 3 9 77 4669 716 5.000 0.000 128 
3 8 3 9 78 5720 858 5.000 0.000 128 
3 8 3 9 79 2115 306 5.000 0.000 128 
3 8 3 9 80 5332 734 5.000 0.000 128 
3 8 3 9 81 3085 486 5.000 0.000 128 
3 8 3 9 82 2342 373 5.000 0.000 128 
3 8 3 9 83 2857 455 5.000 0.000 128 
3 8 3 9 84 2461 420 5.000 0.000 128 
3 8 3 9 85 7897 1137 5.000 0.000 128 
3 8 3 9 86 5105 797 5.000 0.000 128 
3 8 3 9 87 3417 522 5.000 0.000 128 
3 8 3 9 88 4575 697 5.000 0.000 128 
3 8 3 9 89 3708 575 5.000 0.000 128 
3 8 3 9 90 4725 690 5.000 0.000 128 
3 8 3 9 91 2102 333 5.000 0.000 128 
3 8 3 9 92 3183 478 5.000 0.000 128 
3 8 3 9 93 3617 527 5.000 0.000 128 
3 8 3 9 94 3461 482 5.000 0.000 128 
3 8 3 9 95 3312 476 5.000 0.000 128 
3 8 3 9 96 2462 384 5.000 0.000 128 
3 8 3 9 97 9476 1390 5.000 0.000 128 
3 8 3 9 98 2141 352 5.000 0.000 128 
3 8 3 9 99 2148 360 5.000 0.000 128 
3 8 3 9 100 5288 776 5.000 0.000 128 
3 8 3 9 101 4367 649 5.000 0.000 128 
3 8 3 9 102 1874 311 5.000 0.000 128 
3 8 3 9 103 3496 510 5.000 0.000 128 
3 8 3 9 104 4115 588 5.000 0.000 128 
3 8 3 9 105 1700 287 5.000 0.000 128 
3 8 3 9 106 3242 490 5.000 0.000 128 
3 8 3 9 107 5722 843 5.000 0.000 128 
3 8 3 9 108 2815 415 5.000 0.000 128 
3 8 3 9 109 6167 887 5.000 0.000 128 
3 8 3 9 110 3034 436 5.000 0.000 128 
3 8 3 9 111 4037 566 5.000 0.000 128 
3 8 3 9 112 6977 1059 5.000 0.000 128 
3 8 3 9 113 1678 279 5.000 0.000 128 
3 8 3 9 114 9080 1302 5.000 0.000 128 
3 8 3 9 115 2401 402 5.000 0.000 128 
3 8 3 9 116 4104 620 5.000 0.000 128 
3 8 3 9 117 2457 388 5.000 0.000 128 
3 8 3 9 118 3080 464 5.000 0.000 128 
3 8 3 9 119 3253 506 5.000 0.000 128 
3 8 3 9 120 7035 968 5.000 0.000 128 
3 8 3 9 121 4553 685 5.000 0.000 128 
3 8 3 9 122 2791 425 5.000 0.000 128 
3 8 3 9 123 3550 535 5.000 0.000 128 
3 8 3 9 124 9391 1345 5.000 0.000 128 
3 8 3 9 125 2064 326 5.000 0.000 128 
3 8 3 9 126 5969 857 5.000 0.000 128 
3 8 3 9 127 4490 662 5.000 0.000 128 
3 8 3 10 0 2752 428 5.000 0.000 128 
3 8 3 10 1 1721 262 5.000 0.000 128 
3 8 3 10 2 2348 370 5.000 0.000 128 
3 8 3 10 3 5045 779 5.000 0.000 128 
3 8 3 10 4 2438 379 5.000 0.000 128 
3 8 3 10 5 3105 495 5.000 0.000 128 
3 8 3 10 6 2369 369 5.000 0.000 128 
3 8 3 10 7 2516 375 5.000 0.000 128 
3 8 3 10 8 3277 488 5.000 0.000 128 
3 8 3 10 9 2147 334 5.000 0.000 128 
3 8 3 10 10 1820 293 5.000 0.000 128 
3 8 3 10 11 2447 389 5.000 0.000 128 
3 8 3 10 12 5879 868 5.000 0.000 128 
3 8 3 10 13 3068 457 5.000 0.000 128 
3 8 3 10 14 2111 324 5.000 0.000 128 
3 8 3 10 15 4024 556 5.000 0.000 128 
3 8 3 10 16 1089 198 5.000 0.000 128 
3 8 3 10 17 3464 498 5.000 0.000 128 
3 8 3 10 18 2657 418 5.000 0.000 128 
3 8 3 10 19 3427 550 5.000 0.000 128 
3 8 3 10 20 3892 575 5.000 0.000 128 
3 8 3 10 21 3246 481 5.000 0.000 128 
3 8 3 10 22 2403 389 5.000 0.000 128 
3 8 3 10 23 2395 338 5.000 0.000 128 
3 8 3 10 24 2432 392 5.000 0.000 128 
3 8 3 10 25 4310 657 5.000 0.000 128 
3 8 3 10 26 1721 269 5.000 0.000 128 
3 8 3 10 27 1554 272 5.000 0.000 128 
3 8 3 10 28 3799 582 5.000 0.000 128 
3 8 3 10 29 5676 812 5.000 0.000 128 
3 8 3 10 30 1682 291 5.000 0.000 128 
3 8 3 10 31 2677 394 5.000 0.000 128 
3 8 3 10 32 4081 598 5.000 0.000 128 
3 8 3 10 33 1793 309 5.000 0.000 128 
3 8 3 10 34 2898 413 5.000 0.000 128 
3 8 3 10 35 4296 665 5.000 0.000 128 
3 8 3 10 36 4933 703 5.000 0.000 128 
3 8 3 10 37 2936 426 5.000 0.000 128 
3 8 3 10 38 4033 582 5.000 0.000 128 
3 8 3 10 39 5470 814 5.000 0.000 128 
3 8 3 10 40 1886 292 5.000 0.000 128 
3 8 3 10 41 1631 257 5.000 0.000 128 
3 8 3 10 42 2127 331 5.000 0.000 128 
3 8 3 10 43 2572 387 5.000 0.000 128 
3 8 3 10 44 6666 967 5.000 0.000 128 
3 8 3 10 45 3068 496 5.000 0.000 128 
3 8 3 10 46 3477 524 5.000 0.000 128 
3 8 3 10 47 1871 275 5.000 0.000 128 
3 8 3 10 48 3039 447 5.000 0.000 128 
3 8 3 10 49 1740 279 5.000 0.000 128 
3 8 3 10 50 2900 450 5.000 0.000 128 
3 8 3 10 51 4050 593 5.000 0.000 128 
3 8 3 10 52 2035 322 5.000 0.000 128 
3 8 3 10 53 3404 509 5.000 0.000 128 
3 8 3 10 54 4182 586 5.000 0.000 128 
3 8 3 10 55 1815 290 5.000 0.000 128 
3 8 3 10 56 3136 488 5.000 0.000 128 
3 8 3 10 57 3644 531 5.000 0.000 128 
3 8 3 10 58 4346 637 5.000 0.000 128 
3 8 3 10 59 3284 513 5.000 0.000 128 
3 8 3 10 60 4071 606 5.000 0.000 128 
3 8 3 10 61 5376 801 5.000 0.000 128 
3 8 3 10 62 2306 367 5.000 0.000 128 
3 8 3 10 63 4414 657 5.000 0.000 128 
3 8 3 10 64 3413 503 5.000 0.000 128 
3 8 3 10 65 3793 610 5.000 0.000 128 
3 8 3 10 66 4395 655 5.000 0.000 128 
3 8 3 10 67 3272 478 5.000 0.000 128 
3 8 3 10 68 7386 1108 5.000 0.000 128 
3 8 3 10 69 5386 787 5.000 0.000 128 
3 8 3 10 70 5187 786 5.000 0.000 128 
3 8 3 10 71 4572 693 5.000 0.000 128 
3 8 3 10 72 9236 1329 5.000 0.000 128 
3 8 3 10 73 7383 1072 5.000 0.000 128 
3 8 3 10 74 3220 475 5.000 0.000 128 
3 8 3 10 75 4815 722 5.000 0.000 128 
3 8 3 10 76 4116 610 5.000 0.000 128 
3 8 3 10 77 2653 435 5.000 0.000 128 
3 8 3 10 78 4316 658 5.000 0.000 128 
3 8 3 10 79 3005 472 5.000 0.000 128 
3 8 3 10 80 2972 444 5.000 0.000 128 
3 8 3 10 81 8251 1161 5.000 0.000 128 
3 8 3 10 82 2305 347 5.000 0.000 128 
3 8 3 10 83 2759 402 5.000 0.000 128 
3 8 3 10 84 3487 494 5.000 0.000 128 
3 8 3 10 85 1998 310 5.000 0.000 128 
3 8 3 10 86 3073 436 5.000 0.000 128 
3 8 3 10 87 2494 354 5.000 0.000 128 
3 8 3 10 88 5861 819 5.000 0.000 128 
3 8 3 10 89 2796 410 5.000 0.000 128 
3 8 3 10 90 4881 710 5.000 0.000 128 
3 8 3 10 91 7209 1094 5.000 0.000 128 
3 8 3 10 92 5721 818 5.000 0.000 128 
3 8 3 10 93 6148 888 5.000 0.000 128 
3 8 3 10 94 2505 378 5.000 0.000 128 
3 8 3 10 95 3005 481 5.000 0.000 128 
3 8 3 10 96 2181 338 5.000 0.000 128 
3 8 3 10 97 4068 579 5.000 0.000 128 
3 8 3 10 98 3377 531 5.000 0.000 128 
3 8 3 10 99 2882 433 5.000 0.000 128 
3 8 3 10 100 3072 469 5.000 0.000 128 
3 8 3 10 101 2828 439 5.000 0.000 128 
3 8 3 10 102 2584 381 5.000 0.000 128 
3 8 3 10 103 6175 888 5.000 0.000 128 
3 8 3 10 104 3118 458 5.000 0.000 128 
3 8 3 10 105 3776 593 5.000 0.000 128 
3 8 3 10 106 3988 565 5.000 0.000 128 
3 8 3 10 107 2691 419 5.000 0.000 128 
3 8 3 10 108 2682 424 5.000 0.000 128 
3 8 3 10 109 3617 517 5.000 0.000 128 
3 8 3 10 110 2724 422 5.000 0.000 128 
3 8 3 10 111 9433 1346 5.000 0.000 128 
3 8 3 10 112 4359 630 5.000 0.000 128 
3 8 3 10 113 2809 446 5.000 0.000 128 
3 8 3 10 114 5208 788 5.000 0.000 128 
3 8 3 10 115 5685 809 5.000 0.000 128 
3 8 3 10 116 2802 436 5.000 0.000 128 
3 8 3 10 117 2400 365 5.000 0.000 128 
3 8 3 10 118 3084 454 5.000 0.000 128 
3 8 3 10 119 3903 594 5.000 0.000 128 
3 8 3 10 120 4316 642 5.000 0.000 128 
3 8 3 10 121 3113 468 5.000 0.000 128 
3 8 3 10 122 2384 350 5.000 0.000 128 
3 8 3 10 123 2400 372 5.000 0.000 128 
3 8 3 10 124 4008 583 5.000 0.000 128 
3 8 3 10 125 3274 521 5.000 0.000 128 
3 8 3 10 126 3609 545 5.000 0.000 128 
3 8 3 10 127 3426 499 5.000 0.000 128 
3 8 3 11 0 2344 389 5.000 0.000 128 
3 8 3 11 1 2521 371 5.000 0.000 128 
3 8 3 11 2 3299 485 5.000 0.000 128 
3 8 3 11 3 2420 376 5.000 0.000 128 
3 8 3 11 4 3017 441 5.000 0.000 128 
3 8 3 11 5 1105 197 5.000 0.000 128 
3 8 3 11 6 2022 321 5.000 0.000 128 
3 8 3 11 7 1628 281 5.000 0.000 128 
3 8 3 11 8 2063 306 5.000 0.000 128 
3 8 3 11 9 2149 317 5.000 0.000 128 
3 8 3 11 10 2123 336 5.000 0.000 128 
3 8 3 11 11 1749 295 5.000 0.000 128 
3 8 3 11 12 3221 484 5.000 0.000 128 
3 8 3 11 13 2204 312 5.000 0.000 128 
3 8 3 11 14 2273 352 5.000 0.000 128 
3 8 3 11 15 2763 425 5.000 0.000 128 
3 8 3 11 16 3048 470 5.000 0.000 128 
3 8 3 11 17 2958 452 5.000 0.000 128 
3 8 3 11 18 2743 432 5.000 0.000 128 
3 8 3 11 19 3723 542 5.000 0.000 128 
3 8 3 11 20 2041 331 5.000 0.000 128 
3 8 3 11 21 3184 515 5.000 0.000 128 
3 8 3 11 22 2325 373 5.000 0.000 128 
3 8 3 11 23 3431 497 5.000 0.000 128 
3 8 3 11 24 2688 421 5.000 0.000 128 
3 8 3 11 25 5458 792 5.000 0.000 128 
3 8 3 11 26 4078 612 5.000 0.000 128 
3 8 3 11 27 4441 671 5.000 0.000 128 
3 8 3 11 28 3123 489 5.000 0.000 128 
3 8 3 11 29 1814 294 5.000 0.000 128 
3 8 3 11 30 3087 465 5.000 0.000 128 
3 8 3 11 31 2709 393 5.000 0.000 128 
3 8 3 11 32 2400 378 5.000 0.000 128 
3 8 3 11 33 3039 456 5.000 0.000 128 
3 8 3 11 34 2287 325 5.000 0.000 128 
3 8 3 11 35 4243 586 5.000 0.000 128 
3 8 3 11 36 3844 589 5.000 0.000 128 
3 8 3 11 37 2301 346 5.000 0.000 128 
3 8 3 11 38 2766 430 5.000 0.000 128 
3 8 3 11 39 3905 593 5.000 0.000 128 
3 8 3 11 40 5552 847 5.000 0.000 128 
3 8 3 11 41 2925 436 5.000 0.000 128 
3 8 3 11 42 2990 449 5.000 0.000 128 
3 8 3 11 43 2951 427 5.000 0.000 128 
3 8 3 11 44 3525 523 5.000 0.000 128 
3 8 3 11 45 3097 450 5.000 0.000 128 
3 8 3 11 46 5215 758 5.000 0.000 128 
3 8 3 11 47 4472 623 5.000 0.000 128 
3 8 3 11 48 3333 507 5.000 0.000 128 
3 8 3 11 49 6831 1021 5.000 0.000 128 
3 8 3 11 50 2238 347 5.000 0.000 128 
3 8 3 11 51 5225 784 5.000 0.000 128 
3 8 3 11 52 2039 301 5.000 0.000 128 
3 8 3 11 53 3569 520 5.000 0.000 128 
3 8 3 11 54 4106 604 5.000 0.000 128 
3 8 3 11 55 6619 1012 5.000 0.000 128 
3 8 3 11 56 4502 650 5.000 0.000 128 
3 8 3 11 57 3470 522 5.000 0.000 128 
3 8 3 11 58 5344 783 5.000 0.000 128 
3 8 3 11 59 4840 710 5.000 0.000 128 
3 8 3 11 60 3740 539 5.000 0.000 128 
3 8 3 11 61 4326 647 5.000 0.000 128 
3 8 3 11 62 5244 767 5.000 0.000 128 
3 8 3 11 63 2685 430 5.000 0.000 128 
3 8 3 11 64 2715 416 5.000 0.000 128 
3 8 3 11 65 5242 755 5.000 0.000 128 
3 8 3 11 66 5391 796 5.000 0.000 128 
3 8 3 11 67 4356 631 5.000 0.000 128 
3 8 3 11 68 6842 990 5.000 0.000 128 
3 8 3 11 69 5715 860 5.000 0.000 128 
3 8 3 11 70 2916 458 5.000 0.000 128 
3 8 3 11 71 4858 772 5.000 0.000 128 
3 8 3 11 72 2214 348 5.000 0.000 128 
3 8 3 11 73 5861 830 5.000 0.000 128 
3 8 3 11 74 3983 593 5.000 0.000 128 
3 8 3 11 75 3730 542 5.000 0.000 128 
3 8 3 11 76 3470 534 5.000 0.000 128 
3 8 3 11 77 3678 578 5.000 0.000 128 
3 8 3 11 78 3348 514 5.000 0.000 128 
3 8 3 11 79 3827 552 5.000 0.000 128 
3 8 3 11 80 2619 391 5.000 0.000 128 
3 8 3 11 81 4277 642 5.000 0.000 128 
3 8 3 11 82 4599 670 5.000 0.000 128 
3 8 3 11 83 7588 1119 5.000 0.000 128 
3 8 3 11 84 2453 356 5.000 0.000 128 
3 8 3 11 85 2284 362 5.000 0.000 128 
3 8 3 11 86 3794 554 5.000 0.000 128 
3 8 3 11 87 5757 822 5.000 0.000 128 
3 8 3 11 88 4016 605 5.000 0.000 128 
3 8 3 11 89 4735 696 5.000 0.000 128 
3 8 3 11 90 3070 462 5.000 0.000 128 
3 8 3 11 91 4133 614 5.000 0.000 128 
3 8 3 11 92 3023 460 5.000 0.000 128 
3 8 3 11 93 4714 709 5.000 0.000 128 
3 8 3 11 94 3026 455 5.000 0.000 128 
3 8 3 11 95 4939 719 5.000 0.000 128 
3 8 3 11 96 7245 1001 5.000 0.000 128 
3 8 3 11 97 2857 425 5.000 0.000 128 
3 8 3 11 98 5828 831 5.000 0.000 128 
3 8 3 11 99 4608 673 5.000 0.000 128 
3 8 3 11 100 3159 450 5.000 0.000 128 
3 8 3 11 101 3242 515 5.000 0.000 128 
3 8 3 11 102 2846 444 5.000 0.000 128 
3 8 3 11 103 4921 707 5.000 0.000 128 
3 8 3 11 104 3739 560 5.000 0.000 128 
3 8 3 11 105 2818 399 5.000 0.000 128 
3 8 3 11 106 8240 1184 5.000 0.000 128 
3 8 3 11 107 1602 271 5.000 0.000 128 
3 8 3 11 108 5822 866 5.000 0.000 128 
3 8 3 11 109 6767 1014 5.000 0.000 128 
3 8 3 11 110 5049 747 5.000 0.000 128 
3 8 3 11 111 5514 820 5.000 0.000 128 
3 8 3 11 112 3400 490 5.000 0.000 128 
3 8 3 11 113 3482 546 5.000 0.000 128 
3 8 3 11 114 4027 596 5.000 0.000 128 
3 8 3 11 115 2245 331 5.000 0.000 128 
3 8 3 11 116 5740 863 5.000 0.000 128 
3 8 3 11 117 4360 632 5.000 0.000 128 
3 8 3 11 118 4628 693 5.000 0.000 128 
3 8 3 11 119 4459 627 5.000 0.000 128 
3 8 3 11 120 2306 351 5.000 0.000 128 
3 8 3 11 121 3663 532 5.000 0.000 128 
3 8 3 11 122 7673 1157 5.000 0.000 128 
3 8 3 11 123 6444 930 5.000 0.000 128 
3 8 3 11 124 3752 542 5.000 0.000 128 
3 8 3 11 125 3007 492 5.000 0.000 128 
3 8 3 11 126 2371 378 5.000 0.000 128 
3 8 3 11 127 4616 679 5.000 0.000 128 
3 8 3 12 0 3191 496 5.000 0.000 128 
3 8 3 12 1 3344 495 5.000 0.000 128 
3 8 3 12 2 1727 276 5.000 0.000 128 
3 8 3 12 3 1801 263 5.000 0.000 128 
3 8 3 12 4 1993 310 5.000 0.000 128 
3 8 3 12 5 4175 647 5.000 0.000 128 
3 8 3 12 6 3431 512 5.000 0.000 128 
3 8 3 12 7 1824 312 5.000 0.000 128 
3 8 3 12 8 3447 551 5.000 0.000 128 
3 8 3 12 9 1961 328 5.000 0.000 128 
3 8 3 12 10 2874 431 5.000 0.000 128 
3 8 3 12 11 2172 354 5.000 0.000 128 
3 8 3 12 12 2316 358 5.000 0.000 128 
3 8 3 12 13 3058 469 5.000 0.000 128 
3 8 3 12 14 3093 452 5.000 0.000 128 
3 8 3 12 15 1819 308 5.000 0.000 128 
3 8 3 12 16 2835 423 5.000 0.000 128 
3 8 3 12 17 1579 252 5.000 0.000 128 
3 8 3 12 18 2710 380 5.000 0.000 128 
3 8 3 12 19 1749 275 5.000 0.000 128 
3 8 3 12 20 2147 316 5.000 0.000 128 
3 8 3 12 21 2041 303 5.000 0.000 128 
3 8 3 12 22 2081 354 5.000 0.000 128 
3 8 3 12 23 2022 332 5.000 0.000 128 
3 8 3 12 24 1625 266 5.000 0.000 128 
3 8 3 12 25 2536 410 5.000 0.000 128 
3 8 3 12 26 4030 612 5.000 0.000 128 
3 8 3 12 27 4161 598 5.000 0.000 128 
3 8 3 12 28 2867 428 5.000 0.000 128 
3 8 3 12 29 2648 383 5.000 0.000 128 
3 8 3 12 30 2557 398 5.000 0.000 128 
3 8 3 12 31 1882 287 5.000 0.000 128 
3 8 3 12 32 2186 346 5.000 0.000 128 
3 8 3 12 33 3311 463 5.000 0.000 128 
3 8 3 12 34 4598 680 5.000 0.000 128 
3 8 3 12 35 2160 337 5.000 0.000 128 
3 8 3 12 36 3300 512 5.000 0.000 128 
3 8 3 12 37 1831 296 5.000 0.000 128 
3 8 3 12 38 1938 309 5.000 0.000 128 
3 8 3 12 39 2405 384 5.000 0.000 128 
3 8 3 12 40 2718 394 5.000 0.000 128 
3 8 3 12 41 2769 411 5.000 0.000 128 
3 8 3 12 42 2641 432 5.000 0.000 128 
3 8 3 12 43 3867 568 5.000 0.000 128 
3 8 3 12 44 3634 557 5.000 0.000 128 
3 8 3 12 45 3585 528 5.000 0.000 128 
3 8 3 12 46 2603 386 5.000 0.000 128 
3 8 3 12 47 2325 368 5.000 0.000 128 
3 8 3 12 48 2330 343 5.000 0.000 128 
3 8 3 12 49 3579 558 5.000 0.000 128 
3 8 3 12 50 2476 345 5.000 0.000 128 
3 8 3 12 51 1439 251 5.000 0.000 128 
3 8 3 12 52 4195 599 5.000 0.000 128 
3 8 3 12 53 2718 441 5.000 0.000 128 
3 8 3 12 54 2566 415 5.000 0.000 128 
3 8 3 12 55 3969 574 5.000 0.000 128 
3 8 3 12 56 3615 550 5.000 0.000 128 
3 8 3 12 57 2587 414 5.000 0.000 128 
3 8 3 12 58 2924 445 5.000 0.000 128 
3 8 3 12 59 4320 635 5.000 0.000 128 
3 8 3 12 60 2151 340 5.000 0.000 128 
3 8 3 12 61 3909 606 5.000 0.000 128 
3 8 3 12 62 3837 560 5.000 0.000 128 
3 8 3 12 63 3702 532 5.000 0.000 128 
3 8 3 12 64 4074 603 5.000 0.000 128 
3 8 3 12 65 2045 304 5.000 0.000 128 
3 8 3 12 66 3538 514 5.000 0.000 128 
3 8 3 12 67 2080 314 5.000 0.000 128 
3 8 3 12 68 2407 380 5.000 0.000 128 
3 8 3 12 69 2145 351 5.000 0.000 128 
3 8 3 12 70 4234 638 5.000 0.000 128 
3 8 3 12 71 2866 440 5.000 0.000 128 
3 8 3 12 72 2660 398 5.000 0.000 128 
3 8 3 12 73 3636 528 5.000 0.000 128 
3 8 3 12 74 4246 635 5.000 0.000 128 
3 8 3 12 75 7685 1161 5.000 0.000 128 
3 8 3 12 76 5363 834 5.000 0.000 128 
3 8 3 12 77 2907 474 5.000 0.000 128 
3 8 3 12 78 4654 688 5.000 0.000 128 
3 8 3 12 79 4547 711 5.000 0.000 128 
3 8 3 12 80 4531 704 5.000 0.000 128 
3 8 3 12 81 3364 525 5.000 0.000 128 
3 8 3 12 82 4232 609 5.000 0.000 128 
3 8 3 12 83 5732 819 5.000 0.000 128 
3 8 3 12 84 2968 423 5.000 0.000 128 
3 8 3 12 85 2837 448 5.000 0.000 128 
3 8 3 12 86 4959 730 5.000 0.000 128 
3 8 3 12 87 2943 438 5.000 0.000 128 
3 8 3 12 88 4777 684 5.000 0.000 128 
3 8 3 12 89 2760 398 5.000 0.000 128 
3 8 3 12 90 3080 453 5.000 0.000 128 
3 8 3 12 91 6498 985 5.000 0.000 128 
3 8 3 12 92 2864 447 5.000 0.000 128 
3 8 3 12 93 2291 362 5.000 0.000 128 
3 8 3 12 94 1795 287 5.000 0.000 128 
3 8 3 12 95 3588 522 5.000 0.000 128 
3 8 3 12 96 5092 756 5.000 0.000 128 
3 8 3 12 97 3614 523 5.000 0.000 128 
3 8 3 12 98 6500 912 5.000 0.000 128 
3 8 3 12 99 3539 517 5.000 0.000 128 
3 8 3 12 100 4460 640 5.000 0.000 128 
3 8 3 12 101 1907 301 5.000 0.000 128 
3 8 3 12 102 5405 765 5.000 0.000 128 
3 8 3 12 103 2251 369 5.000 0.000 128 
3 8 3 12 104 2553 387 5.000 0.000 128 
3 8 3 12 105 5606 795 5.000 0.000 128 
3 8 3 12 106 1849 319 5.000 0.000 128 
3 8 3 12 107 2101 339 5.000 0.000 128 
3 8 3 12 108 3317 519 5.000 0.000 128 
3 8 3 12 109 3235 437 5.000 0.000 128 
3 8 3 12 110 2610 378 5.000 0.000 128 
3 8 3 12 111 4695 674 5.000 0.000 128 
3 8 3 12 112 2181 311 5.000 0.000 128 
3 8 3 12 113 2432 393 5.000 0.000 128 
3 8 3 12 114 3039 457 5.000 0.000 128 
3 8 3 12 115 3701 556 5.000 0.000 128 
3 8 3 12 116 3813 561 5.000 0.000 128 
3 8 3 12 117 2660 424 5.000 0.000 128 
3 8 3 12 118 3786 552 5.000 0.000 128 
3 8 3 12 119 5536 817 5.000 0.000 128 
3 8 3 12 120 4364 648 5.000 0.000 128 
3 8 3 12 121 3049 457 5.000 0.000 128 
3 8 3 12 122 2832 407 5.000 0.000 128 
3 8 3 12 123 4300 633 5.000 0.000 128 
3 8 3 12 124 4014 574 5.000 0.000 128 
3 8 3 12 125 3437 491 5.000 0.000 128 
3 8 3 12 126 4052 637 5.000 0.000 128 
3 8 3 12 127 3271 502 5.000 0.000 128 
3 8 3 13 0 2254 329 5.000 0.000 128 
3 8 3 13 1 2421 400 5.000 0.000 128 
3 8 3 13 2 1984 320 5.000 0.000 128 
3 8 3 13 3 2832 436 5.000 0.000 128 
3 8 3 13 4 2731 421 5.000 0.000 128 
3 8 3 13 5 1179 203 5.000 0.000 128 
3 8 3 13 6 2846 403 5.000 0.000 128 
3 8 3 13 7 2002 323 5.000 0.000 128 
3 8 3 13 8 3306 492 5.000 0.000 128 
3 8 3 13 9 1733 281 5.000 0.000 128 
3 8 3 13 10 1209 194 5.000 0.000 128 
3 8 3 13 11 2750 403 5.000 0.000 128 
3 8 3 13 12 1586 276 5.000 0.000 128 
3 8 3 13 13 2187 320 5.000 0.000 128 
3 8 3 13 14 2799 464 5.000 0.000 128 
3 8 3 13 15 3149 499 5.000 0.000 128 
3 8 3 13 16 3480 509 5.000 0.000 128 
3 8 3 13 17 2037 313 5.000 0.000 128 
3 8 3 13 18 4383 674 5.000 0.000 128 
3 8 3 13 19 1263 215 5.000 0.000 128 
3 8 3 13 20 2410 363 5.000 0.000 128 
3 8 3 13 21 2472 371 5.000 0.000 128 
3 8 3 13 22 3314 487 5.000 0.000 128 
3 8 3 13 23 1263 216 5.000 0.000 128 
3 8 3 13 24 4938 713 5.000 0.000 128 
3 8 3 13 25 2461 384 5.000 0.000 128 
3 8 3 13 26 1782 287 5.000 0.000 128 
3 8 3 13 27 1883 294 5.000 0.000 128 
3 8 3 13 28 2015 274 5.000 0.000 128 
3 8 3 13 29 2020 312 5.000 0.000 128 
3 8 3 13 30 2704 441 5.000 0.000 128 
3 8 3 13 31 1612 278 5.000 0.000 128 
3 8 3 13 32 3797 547 5.000 0.000 128 
3 8 3 13 33 3795 580 5.000 0.000 128 
3 8 3 13 34 3174 477 5.000 0.000 128 
3 8 3 13 35 3413 494 5.000 0.000 128 
3 8 3 13 36 1789 288 5.000 0.000 128 
3 8 3 13 37 1878 289 5.000 0.000 128 
3 8 3 13 38 1965 333 5.000 0.000 128 
3 8 3 13 39 2915 432 5.000 0.000 128 
3 8 3 13 40 1982 331 5.000 0.000 128 
3 8 3 13 41 3255 504 5.000 0.000 128 
3 8 3 13 42 2198 329 5.000 0.000 128 
3 8 3 13 43 2849 431 5.000 0.000 128 
3 8 3 13 44 3327 538 5.000 0.000 128 
3 8 3 13 45 2930 467 5.000 0.000 128 
3 8 3 13 46 5424 768 5.000 0.000 128 
3 8 3 13 47 2427 348 5.000 0.000 128 
3 8 3 13 48 2784 427 5.000 0.000 128 
3 8 3 13 49 2910 431 5.000 0.000 128 
3 8 3 13 50 2329 371 5.000 0.000 128 
3 8 3 13 51 3033 451 5.000 0.000 128 
3 8 3 13 52 4868 728 5.000 0.000 128 
3 8 3 13 53 3399 499 5.000 0.000 128 
3 8 3 13 54 4364 665 5.000 0.000 128 
3 8 3 13 55 3738 563 5.000 0.000 128 
3 8 3 13 56 1888 266 5.000 0.000 128 
3 8 3 13 57 2898 463 5.000 0.000 128 
3 8 3 13 58 1884 282 5.000 0.000 128 
3 8 3 13 59 2822 445 5.000 0.000 128 
3 8 3 13 60 2620 374 5.000 0.000 128 
3 8 3 13 61 2203 382 5.000 0.000 128 
3 8 3 13 62 4532 679 5.000 0.000 128 
3 8 3 13 63 2640 417 5.000 0.000 128 
3 8 3 13 64 4124 613 5.000 0.000 128 
3 8 3 13 65 2759 434 5.000 0.000 128 
3 8 3 13 66 6138 916 5.000 0.000 128 
3 8 3 13 67 3365 508 5.000 0.000 128 
3 8 3 13 68 2381 388 5.000 0.000 128 
3 8 3 13 69 3545 525 5.000 0.000 128 
3 8 3 13 70 5678 817 5.000 0.000 128 
3 8 3 13 71 2080 333 5.000 0.000 128 
3 8 3 13 72 2712 421 5.000 0.000 128 
3 8 3 13 73 3475 520 5.000 0.000 128 
3 8 3 13 74 4566 700 5.000 0.000 128 
3 8 3 13 75 5253 757 5.000 0.000 128 
3 8 3 13 76 2530 403 5.000 0.000 128 
3 8 3 13 77 3461 554 5.000 0.000 128 
3 8 3 13 78 4325 639 5.000 0.000 128 
3 8 3 13 79 3802 543 5.000 0.000 128 
3 8 3 13 80 5688 849 5.000 0.000 128 
3 8 3 13 81 3478 504 5.000 0.000 128 
3 8 3 13 82 5454 777 5.000 0.000 128 
3 8 3 13 83 3146 503 5.000 0.000 128 
3 8 3 13 84 3840 563 5.000 0.000 128 
3 8 3 13 85 4893 716 5.000 0.000 128 
3 8 3 13 86 5603 795 5.000 0.000 128 
3 8 3 13 87 3406 539 5.000 0.000 128 
3 8 3 13 88 4669 713 5.000 0.000 128 
3 8 3 13 89 2626 385 5.000 0.000 128 
3 8 3 13 90 5359 809 5.000 0.000 128 
3 8 3 13 91 4251 630 5.000 0.000 128 
3 8 3 13 92 7990 1174 5.000 0.000 128 
3 8 3 13 93 4450 666 5.000 0.000 128 
3 8 3 13 94 4163 645 5.000 0.000 128 
3 8 3 13 95 6120 917 5.000 0.000 128 
3 8 3 13 96 7790 1099 5.000 0.000 128 
3 8 3 13 97 8302 1193 5.000 0.000 128 
3 8 3 13 98 3397 514 5.000 0.000 128 
3 8 3 13 99 6142 938 5.000 0.000 128 
3 8 3 13 100 3191 469 5.000 0.000 128 
3 8 3 13 101 1699 283 5.000 0.000 128 
3 8 3 13 102 2303 343 5.000 0.000 128 
3 8 3 13 103 3830 599 5.000 0.000 128 
3 8 3 13 104 5075 780 5.000 0.000 128 
3 8 3 13 105 4631 697 5.000 0.000 128 
3 8 3 13 106 2784 423 5.000 0.000 128 
3 8 3 13 107 6141 876 5.000 0.000 128 
3 8 3 13 108 2615 423 5.000 0.000 128 
3 8 3 13 109 2783 414 5.000 0.000 128 
3 8 3 13 110 4183 651 5.000 0.000 128 
3 8 3 13 111 4996 741 5.000 0.000 128 
3 8 3 13 112 5272 742 5.000 0.000 128 
3 8 3 13 113 3473 532 5.000 0.000 128 
3 8 3 13 114 4433 672 5.000 0.000 128 
3 8 3 13 115 5691 769 5.000 0.000 128 
3 8 3 13 116 4593 680 5.000 0.000 128 
3 8 3 13 117 9094 1310 5.000 0.000 128 
3 8 3 13 118 3862 600 5.000 0.000 128 
3 8 3 13 119 4016 601 5.000 0.000 128 
3 8 3 13 120 7221 1030 5.000 0.000 128 
3 8 3 13 121 3271 501 5.000 0.000 128 
3 8 3 13 122 3173 509 5.000 0.000 128 
3 8 3 13 123 2436 380 5.000 0.000 128 
3 8 3 13 124 4047 559 5.000 0.000 128 
3 8 3 13 125 4869 718 5.000 0.000 128 
3 8 3 13 126 6606 1023 5.000 0.000 128 
3 8 3 13 127 5615 805 5.000 0.000 128 
3 8 3 19 0 4672 717 5.000 0.000 128 
3 8 3 19 1 1801 300 5.000 0.000 128 
3 8 3 19 2 2904 444 5.000 0.000 128 
3 8 3 19 3 2937 419 5.000 0.000 128 
3 8 3 19 4 3007 471 5.000 0.000 128 
3 8 3 19 5 2699 417 5.000 0.000 128 
3 8 3 19 6 5313 748 5.000 0.000 128 
3 8 3 19 7 1956 309 5.000 0.000 128 
3 8 3 19 8 4251 645 5.000 0.000 128 
3 8 3 19 9 4010 628 5.000 0.000 128 
3 8 3 19 10 2810 440 5.000 0.000 128 
3 8 3 19 11 1678 280 5.000 0.000 128 
3 8 3 19 12 2379 366 5.000 0.000 128 
3 8 3 19 13 3761 544 5.000 0.000 128 
3 8 3 19 14 2963 468 5.000 0.000 128 
3 8 3 19 15 3717 503 5.000 0.000 128 
3 8 3 19 16 1993 338 5.000 0.000 128 
3 8 3 19 17 3071 424 5.000 0.000 128 
3 8 3 19 18 4037 584 5.000 0.000 128 
3 8 3 19 19 1878 299 5.000 0.000 128 
3 8 3 19 20 4359 645 5.000 0.000 128 
3 8 3 19 21 1775 271 5.000 0.000 128 
3 8 3 19 22 2295 335 5.000 0.000 128 
3 8 3 19 23 1941 325 5.000 0.000 128 
3 8 3 19 24 2856 440 5.000 0.000 128 
3 8 3 19 25 3143 459 5.000 0.000 128 
3 8 3 19 26 1787 301 5.000 0.000 128 
3 8 3 19 27 2514 397 5.000 0.000 128 
3 8 3 19 28 3315 499 5.000 0.000 128 
3 8 3 19 29 6598 978 5.000 0.000 128 
3 8 3 19 30 5649 842 5.000 0.000 128 
3 8 3 19 31 6582 987 5.000 0.000 128 
3 8 3 19 32 2272 350 5.000 0.000 128 
3 8 3 19 33 3014 473 5.000 0.000 128 
3 8 3 19 34 5355 792 5.000 0.000 128 
3 8 3 19 35 3285 469 5.000 0.000 128 
3 8 3 19 36 3362 485 5.000 0.000 128 
3 8 3 19 37 2920 432 5.000 0.000 128 
3 8 3 19 38 5794 850 5.000 0.000 128 
3 8 3 19 39 4046 615 5.000 0.000 128 
3 8 3 19 40 3618 540 5.000 0.000 128 
3 8 3 19 41 3732 538 5.000 0.000 128 
3 8 3 19 42 3179 490 5.000 0.000 128 
3 8 3 19 43 5041 776 5.000 0.000 128 
3 8 3 19 44 4463 624 5.000 0.000 128 
3 8 3 19 45 2417 382 5.000 0.000 128 
3 8 3 19 46 5370 797 5.000 0.000 128 
3 8 3 19 47 4493 671 5.000 0.000 128 
3 8 3 19 48 2611 397 5.000 0.000 128 
3 8 3 19 49 2847 414 5.000 0.000 128 
3 8 3 19 50 3067 444 5.000 0.000 128 
3 8 3 19 51 2652 419 5.000 0.000 128 
3 8 3 19 52 4019 605 5.000 0.000 128 
3 8 3 19 53 7013 1007 5.000 0.000 128 
3 8 3 19 54 3635 530 5.000 0.000 128 
3 8 3 19 55 3122 483 5.000 0.000 128 
3 8 3 19 56 5013 752 5.000 0.000 128 
3 8 3 19 57 5340 792 5.000 0.000 128 
3 8 3 19 58 2860 407 5.000 0.000 128 
3 8 3 19 59 6998 1019 5.000 0.000 128 
3 8 3 19 60 3702 559 5.000 0.000 128 
3 8 3 19 61 5075 712 5.000 0.000 128 
3 8 3 19 62 4358 605 5.000 0.000 128 
3 8 3 19 63 5057 768 5.000 0.000 128 
3 8 3 19 64 3756 560 5.000 0.000 128 
3 8 3 19 65 7615 1142 5.000 0.000 128 
3 8 3 19 66 2893 441 5.000 0.000 128 
3 8 3 19 67 7197 1051 5.000 0.000 128 
3 8 3 19 68 6968 1053 5.000 0.000 128 
3 8 3 19 69 2974 448 5.000 0.000 128 
3 8 3 19 70 4825 707 5.000 0.000 128 
3 8 3 19 71 5402 793 5.000 0.000 128 
3 8 3 19 72 3411 516 5.000 0.000 128 
3 8 3 19 73 5903 878 5.000 0.000 128 
3 8 3 19 74 6596 948 5.000 0.000 128 
3 8 3 19 75 5560 846 5.000 0.000 128 
3 8 3 19 76 5855 822 5.000 0.000 128 
3 8 3 19 77 8818 1313 5.000 0.000 128 
3 8 3 19 78 4748 714 5.000 0.000 128 
3 8 3 19 79 5377 766 5.000 0.000 128 
3 8 3 19 80 5086 759 5.000 0.000 128 
3 8 3 19 81 7951 1200 5.000 0.000 128 
3 8 3 19 82 10082 1437 5.000 0.000 128 
3 8 3 19 83 7276 1027 5.000 0.000 128 
3 8 3 19 84 8108 1187 5.000 0.000 128 
3 8 3 19 85 10885 1510 5.000 0.000 128 
3 8 3 19 86 5259 753 5.000 0.000 128 
3 8 3 19 87 5059 695 5.000 0.000 128 
3 8 3 19 88 4418 632 5.000 0.000 128 
3 8 3 19 89 5962 855 5.000 0.000 128 
3 8 3 19 90 7407 1040 5.000 0.000 128 
3 8 3 19 91 2515 383 5.000 0.000 128 
3 8 3 19 92 4686 693 5.000 0.000 128 
3 8 3 19 93 3920 535 5.000 0.000 128 
3 8 3 19 94 3638 532 5.000 0.000 128 
3 8 3 19 95 7825 1146 5.000 0.000 128 
3 8 3 19 96 4491 699 5.000 0.000 128 
3 8 3 19 97 4220 605 5.000 0.000 128 
3 8 3 19 98 4880 703 5.000 0.000 128 
3 8 3 19 99 4392 644 5.000 0.000 128 
3 8 3 19 100 9915 1327 5.000 0.000 128 
3 8 3 19 101 5523 831 5.000 0.000 128 
3 8 3 19 102 3496 491 5.000 0.000 128 
3 8 3 19 103 6137 870 5.000 0.000 128 
3 8 3 19 104 5358 837 5.000 0.000 128 
3 8 3 19 105 5673 810 5.000 0.000 128 
3 8 3 19 106 5113 765 5.000 0.000 128 
3 8 3 19 107 8336 1227 5.000 0.000 128 
3 8 3 19 108 7079 1059 5.000 0.000 128 
3 8 3 19 109 5515 828 5.000 0.000 128 
3 8 3 19 110 6015 854 5.000 0.000 128 
3 8 3 19 111 5118 722 5.000 0.000 128 
3 8 3 19 112 5659 765 5.000 0.000 128 
3 8 3 19 113 9365 1392 5.000 0.000 128 
3 8 3 19 114 3986 598 5.000 0.000 128 
3 8 3 19 115 10658 1561 5.000 0.000 128 
3 8 3 19 116 5613 806 5.000 0.000 128 
3 8 3 19 117 5670 866 5.000 0.000 128 
3 8 3 19 118 7877 1152 5.000 0.000 128 
3 8 3 19 119 8369 1219 5.000 0.000 128 
3 8 3 19 120 4459 670 5.000 0.000 128 
3 8 3 19 121 4726 712 5.000 0.000 128 
3 8 3 19 122 6145 925 5.000 0.000 128 
3 8 3 19 123 11368 1618 5.000 0.000 128 
3 8 3 19 124 9864 1425 5.000 0.000 128 
3 8 3 19 125 5737 861 5.000 0.000 128 
3 8 3 19 126 7842 1184 5.000 0.000 128 
3 8 3 19 127 9640 1326 5.000 0.000 128 
3 8 3 20 0 2060 333 5.000 0.000 128 
3 8 3 20 1 3882 565 5.000 0.000 128 
3 8 3 20 2 1860 286 5.000 0.000 128 
3 8 3 20 3 6825 992 5.000 0.000 128 
3 8 3 20 4 4475 691 5.000 0.000 128 
3 8 3 20 5 5569 814 5.000 0.000 128 
3 8 3 20 6 3079 483 5.000 0.000 128 
3 8 3 20 7 2151 345 5.000 0.000 128 
3 8 3 20 8 4639 717 5.000 0.000 128 
3 8 3 20 9 3517 519 5.000 0.000 128 
3 8 3 20 10 2449 357 5.000 0.000 128 
3 8 3 20 11 4946 744 5.000 0.000 128 
3 8 3 20 12 5334 797 5.000 0.000 128 
3 8 3 20 13 4881 701 5.000 0.000 128 
3 8 3 20 14 2676 433 5.000 0.000 128 
3 8 3 20 15 4045 586 5.000 0.000 128 
3 8 3 20 16 3669 518 5.000 0.000 128 
3 8 3 20 17 5603 800 5.000 0.000 128 
3 8 3 20 18 4081 617 5.000 0.000 128 
3 8 3 20 19 3870 562 5.000 0.000 128 
3 8 3 20 20 3097 458 5.000 0.000 128 
3 8 3 20 21 5332 798 5.000 0.000 128 
3 8 3 20 22 3807 569 5.000 0.000 128 
3 8 3 20 23 4868 714 5.000 0.000 128 
3 8 3 20 24 6203 874 5.000 0.000 128 
3 8 3 20 25 4449 688 5.000 0.000 128 
3 8 3 20 26 3938 573 5.000 0.000 128 
3 8 3 20 27 2078 324 5.000 0.000 128 
3 8 3 20 28 3812 588 5.000 0.000 128 
3 8 3 20 29 2181 328 5.000 0.000 128 
3 8 3 20 30 3546 520 5.000 0.000 128 
3 8 3 20 31 3364 492 5.000 0.000 128 
3 8 3 20 32 2473 352 5.000 0.000 128 
3 8 3 20 33 5738 841 5.000 0.000 128 
3 8 3 20 34 2660 361 5.000 0.000 128 
3 8 3 20 35 5668 837 5.000 0.000 128 
3 8 3 20 36 4437 682 5.000 0.000 128 
3 8 3 20 37 8859 1303 5.000 0.000 128 
3 8 3 20 38 3778 565 5.000 0.000 128 
3 8 3 20 39 5075 752 5.000 0.000 128 
3 8 3 20 40 9137 1330 5.000 0.000 128 
3 8 3 20 41 7474 1127 5.000 0.000 128 
3 8 3 20 42 7705 1106 5.000 0.000 128 
3 8 3 20 43 5138 749 5.000 0.000 128 
3 8 3 20 44 3437 477 5.000 0.000 128 
3 8 3 20 45 3420 509 5.000 0.000 128 
3 8 3 20 46 6681 949 5.000 0.000 128 
3 8 3 20 47 8164 1204 5.000 0.000 128 
3 8 3 20 48 6425 921 5.000 0.000 128 
3 8 3 20 49 4680 682 5.000 0.000 128 
3 8 3 20 50 4611 679 5.000 0.000 128 
3 8 3 20 51 8024 1171 5.000 0.000 128 
3 8 3 20 52 6135 884 5.000 0.000 128 
3 8 3 20 53 4175 624 5.000 0.000 128 
3 8 3 20 54 3904 604 5.000 0.000 128 
3 8 3 20 55 5128 765 5.000 0.000 128 
3 8 3 20 56 3028 457 5.000 0.000 128 
3 8 3 20 57 6964 1046 5.000 0.000 128 
3 8 3 20 58 4662 701 5.000 0.000 128 
3 8 3 20 59 5878 865 5.000 0.000 128 
3 8 3 20 60 4866 719 5.000 0.000 128 
3 8 3 20 61 5231 748 5.000 0.000 128 
3 8 3 20 62 7392 1074 5.000 0.000 128 
3 8 3 20 63 6281 931 5.000 0.000 128 
3 8 3 20 64 3885 594 5.000 0.000 128 
3 8 3 20 65 4801 712 5.000 0.000 128 
3 8 3 20 66 3465 514 5.000 0.000 128 
3 8 3 20 67 8423 1191 5.000 0.000 128 
3 8 3 20 68 8018 1165 5.000 0.000 128 
3 8 3 20 69 5399 780 5.000 0.000 128 
3 8 3 20 70 3900 606 5.000 0.000 128 
3 8 3 20 71 11461 1665 5.000 0.000 128 
3 8 3 20 72 5367 812 5.000 0.000 128 
3 8 3 20 73 6840 952 5.000 0.000 128 
3 8 3 20 74 4415 657 5.000 0.000 128 
3 8 3 20 75 2525 385 5.000 0.000 128 
3 8 3 20 76 4574 689 5.000 0.000 128 
3 8 3 20 77 7448 1089 5.000 0.000 128 
3 8 3 20 78 4982 761 5.000 0.000 128 
3 8 3 20 79 4293 624 5.000 0.000 128 
3 8 3 20 80 4844 726 5.000 0.000 128 
3 8 3 20 81 6468 934 5.000 0.000 128 
3 8 3 20 82 9460 1360 5.000 0.000 128 
3 8 3 20 83 7010 1012 5.000 0.000 128 
3 8 3 20 84 5028 706 5.000 0.000 128 
3 8 3 20 85 8502 1241 5.000 0.000 128 
3 8 3 20 86 8681 1285 5.000 0.000 128 
3 8 3 20 87 3721 529 5.000 0.000 128 
3 8 3 20 88 9423 1348 5.000 0.000 128 
3 8 3 20 89 9505 1350 5.000 0.000 128 
3 8 3 20 90 5863 831 5.000 0.000 128 
3 8 3 20 91 6609 942 5.000 0.000 128 
3 8 3 20 92 5423 816 5.000 0.000 128 
3 8 3 20 93 4818 737 5.000 0.000 128 
3 8 3 20 94 4451 625 5.000 0.000 128 
3 8 3 20 95 7620 1094 5.000 0.000 128 
3 8 3 20 96 6173 915 5.000 0.000 128 
3 8 3 20 97 7403 1040 5.000 0.000 128 
3 8 3 20 98 2474 362 5.000 0.000 128 
3 8 3 20 99 6731 1006 5.000 0.000 128 
3 8 3 20 100 7096 1022 5.000 0.000 128 
3 8 3 20 101 6301 975 5.000 0.000 128 
3 8 3 20 102 14070 2019 5.000 0.000 128 
3 8 3 20 103 5300 721 5.000 0.000 128 
3 8 3 20 104 8397 1146 5.000 0.000 128 
3 8 3 20 105 6720 977 5.000 0.000 128 
3 8 3 20 106 7620 1087 5.000 0.000 128 
3 8 3 20 107 12344 1795 5.000 0.000 128 
3 8 3 20 108 4919 743 5.000 0.000 128 
3 8 3 20 109 6481 916 5.000 0.000 128 
3 8 3 20 110 6793 1018 5.000 0.000 128 
3 8 3 20 111 7764 1069 5.000 0.000 128 
3 8 3 20 112 5107 715 5.000 0.000 128 
3 8 3 20 113 6160 878 5.000 0.000 128 
3 8 3 20 114 4900 692 5.000 0.000 128 
3 8 3 20 115 11802 1745 5.000 0.000 128 
3 8 3 20 116 7717 1097 5.000 0.000 128 
3 8 3 20 117 9727 1409 5.000 0.000 128 
3 8 3 20 118 7582 1135 5.000 0.000 128 
3 8 3 20 119 7076 1041 5.000 0.000 128 
3 8 3 20 120 7456 1121 5.000 0.000 128 
3 8 3 20 121 7556 1145 5.000 0.000 128 
3 8 3 20 122 5134 748 5.000 0.000 128 
3 8 3 20 123 8326 1240 5.000 0.000 128 
3 8 3 20 124 7837 1201 5.000 0.000 128 
3 8 3 20 125 12552 1813 5.000 0.000 128 
3 8 3 20 126 7249 1026 5.000 0.000 128 
3 8 3 20 127 5520 786 5.000 0.000 128 
3 8 3 21 0 3442 516 5.000 0.000 128 
3 8 3 21 1 2475 370 5.000 0.000 128 
3 8 3 21 2 2951 448 5.000 0.000 128 
3 8 3 21 3 3511 497 5.000 0.000 128 
3 8 3 21 4 1853 285 5.000 0.000 128 
3 8 3 21 5 1834 295 5.000 0.000 128 
3 8 3 21 6 5107 766 5.000 0.000 128 
3 8 3 21 7 2309 377 5.000 0.000 128 
3 8 3 21 8 4246 631 5.000 0.000 128 
3 8 3 21 9 3527 527 5.000 0.000 128 
3 8 3 21 10 3813 567 5.000 0.000 128 
3 8 3 21 11 2616 388 5.000 0.000 128 
3 8 3 21 12 9313 1340 5.000 0.000 128 
3 8 3 21 13 3071 434 5.000 0.000 128 
3 8 3 21 14 4117 637 5.000 0.000 128 
3 8 3 21 15 2576 409 5.000 0.000 128 
3 8 3 21 16 5926 892 5.000 0.000 128 
3 8 3 21 17 2040 324 5.000 0.000 128 
3 8 3 21 18 3142 471 5.000 0.000 128 
3 8 3 21 19 1473 249 5.000 0.000 128 
3 8 3 21 20 3467 524 5.000 0.000 128 
3 8 3 21 21 3096 515 5.000 0.000 128 
3 8 3 21 22 2436 387 5.000 0.000 128 
3 8 3 21 23 2175 338 5.000 0.000 128 
3 8 3 21 24 3116 480 5.000 0.000 128 
3 8 3 21 25 4655 697 5.000 0.000 128 
3 8 3 21 26 5436 800 5.000 0.000 128 
3 8 3 21 27 3120 460 5.000 0.000 128 
3 8 3 21 28 4824 724 5.000 0.000 128 
3 8 3 21 29 5201 704 5.000 0.000 128 
3 8 3 21 30 3352 523 5.000 0.000 128 
3 8 3 21 31 6176 863 5.000 0.000 128 
3 8 3 21 32 3338 484 5.000 0.000 128 
3 8 3 21 33 2674 400 5.000 0.000 128 
3 8 3 21 34 5744 864 5.000 0.000 128 
3 8 3 21 35 4759 700 5.000 0.000 128 
3 8 3 21 36 3688 558 5.000 0.000 128 
3 8 3 21 37 7234 1051 5.000 0.000 128 
3 8 3 21 38 3468 530 5.000 0.000 128 
3 8 3 21 39 2386 408 5.000 0.000 128 
3 8 3 21 40 6424 887 5.000 0.000 128 
3 8 3 21 41 4633 672 5.000 0.000 128 
3 8 3 21 42 4028 608 5.000 0.000 128 
3 8 3 21 43 6092 875 5.000 0.000 128 
3 8 3 21 44 4205 660 5.000 0.000 128 
3 8 3 21 45 2905 414 5.000 0.000 128 
3 8 3 21 46 4904 718 5.000 0.000 128 
3 8 3 21 47 5049 763 5.000 0.000 128 
3 8 3 21 48 3383 530 5.000 0.000 128 
3 8 3 21 49 4383 645 5.000 0.000 128 
3 8 3 21 50 8457 1193 5.000 0.000 128 
3 8 3 21 51 2975 435 5.000 0.000 128 
3 8 3 21 52 3795 592 5.000 0.000 128 
3 8 3 21 53 5530 817 5.000 0.000 128 
3 8 3 21 54 6718 985 5.000 0.000 128 
3 8 3 21 55 2495 402 5.000 0.000 128 
3 8 3 21 56 5746 877 5.000 0.000 128 
3 8 3 21 57 8981 1306 5.000 0.000 128 
3 8 3 21 58 3516 533 5.000 0.000 128 
3 8 3 21 59 2229 327 5.000 0.000 128 
3 8 3 21 60 6938 1035 5.000 0.000 128 
3 8 3 21 61 12551 1801 5.000 0.000 128 
3 8 3 21 62 7989 1099 5.000 0.000 128 
3 8 3 21 63 2818 410 5.000 0.000 128 
3 8 3 21 64 4118 576 5.000 0.000 128 
3 8 3 21 65 5854 868 5.000 0.000 128 
3 8 3 21 66 2905 470 5.000 0.000 128 
3 8 3 21 67 6224 918 5.000 0.000 128 
3 8 3 21 68 3355 505 5.000 0.000 128 
3 8 3 21 69 5259 808 5.000 0.000 128 
3 8 3 21 70 5020 747 5.000 0.000 128 
3 8 3 21 71 5013 779 5.000 0.000 128 
3 8 3 21 72 6573 896 5.000 0.000 128 
3 8 3 21 73 4713 715 5.000 0.000 128 
3 8 3 21 74 4776 696 5.000 0.000 128 
3 8 3 21 75 11682 1634 5.000 0.000 128 
3 8 3 21 76 10939 1509 5.000 0.000 128 
3 8 3 21 77 9367 1357 5.000 0.000 128 
3 8 3 21 78 6775 1008 5.000 0.000 128 
3 8 3 21 79 11937 1690 5.000 0.000 128 
3 8 3 21 80 8103 1176 5.000 0.000 128 
3 8 3 21 81 6103 855 5.000 0.000 128 
3 8 3 21 82 11195 1576 5.000 0.000 128 
3 8 3 21 83 6057 951 5.000 0.000 128 
3 8 3 21 84 7506 1108 5.000 0.000 128 
3 8 3 21 85 10840 1561 5.000 0.000 128 
3 8 3 21 86 7364 1111 5.000 0.000 128 
3 8 3 21 87 6521 978 5.000 0.000 128 
3 8 3 21 88 3696 576 5.000 0.000 128 
3 8 3 21 89 8775 1311 5.000 0.000 128 
3 8 3 21 90 7824 1163 5.000 0.000 128 
3 8 3 21 91 7106 1005 5.000 0.000 128 
3 8 3 21 92 3374 523 5.000 0.000 128 
3 8 3 21 93 5282 766 5.000 0.000 128 
3 8 3 21 94 4721 687 5.000 0.000 128 
3 8 3 21 95 4565 667 5.000 0.000 128 
3 8 3 21 96 4921 716 5.000 0.000 128 
3 8 3 21 97 5322 803 5.000 0.000 128 
3 8 3 21 98 5549 799 5.000 0.000 128 
3 8 3 21 99 8301 1137 5.000 0.000 128 
3 8 3 21 100 5022 722 5.000 0.000 128 
3 8 3 21 101 8173 1218 5.000 0.000 128 
3 8 3 21 102 10522 1535 5.000 0.000 128 
3 8 3 21 103 13750 2009 5.000 0.000 128 
3 8 3 21 104 7404 1079 5.000 0.000 128 
3 8 3 21 105 11222 1553 5.000 0.000 128 
3 8 3 21 106 6644 965 5.000 0.000 128 
3 8 3 21 107 5118 756 5.000 0.000 128 
3 8 3 21 108 5091 788 5.000 0.000 128 
3 8 3 21 109 6806 986 5.000 0.000 128 
3 8 3 21 110 6485 962 5.000 0.000 128 
3 8 3 21 111 8118 1221 5.000 0.000 128 
3 8 3 21 112 10295 1459 5.000 0.000 128 
3 8 3 21 113 6655 994 5.000 0.000 128 
3 8 3 21 114 7790 1086 5.000 0.000 128 
3 8 3 21 115 6682 1045 5.000 0.000 128 
3 8 3 21 116 10474 1543 5.000 0.000 128 
3 8 3 21 117 6684 938 5.000 0.000 128 
3 8 3 21 118 6012 915 5.000 0.000 128 
3 8 3 21 119 3612 554 5.000 0.000 128 
3 8 3 21 120 5876 909 5.000 0.000 128 
3 8 3 21 121 8246 1215 5.000 0.000 128 
3 8 3 21 122 11138 1656 5.000 0.000 128 
3 8 3 21 123 8217 1215 5.000 0.000 128 
3 8 3 21 124 8579 1254 5.000 0.000 128 
3 8 3 21 125 5928 906 5.000 0.000 128 
3 8 3 21 126 5852 868 5.000 0.000 128 
3 8 3 21 127 7427 1101 5.000 0.000 128 
3 8 3 22 0 3470 522 5.000 0.000 128 
3 8 3 22 1 2496 386 5.000 0.000 128 
3 8 3 22 2 3792 591 5.000 0.000 128 
3 8 3 22 3 4893 720 5.000 0.000 128 
3 8 3 22 4 4468 627 5.000 0.000 128 
3 8 3 22 5 2617 407 5.000 0.000 128 
3 8 3 22 6 3710 557 5.000 0.000 128 
3 8 3 22 7 2839 430 5.000 0.000 128 
3 8 3 22 8 4335 628 5.000 0.000 128 
3 8 3 22 9 5168 746 5.000 0.000 128 
3 8 3 22 10 4880 708 5.000 0.000 128 
3 8 3 22 11 5798 846 5.000 0.000 128 
3 8 3 22 12 5635 819 5.000 0.000 128 
3 8 3 22 13 3395 544 5.000 0.000 128 
3 8 3 22 14 3381 542 5.000 0.000 128 
3 8 3 22 15 3768 588 5.000 0.000 128 
3 8 3 22 16 5672 796 5.000 0.000 128 
3 8 3 22 17 1697 262 5.000 0.000 128 
3 8 3 22 18 6064 866 5.000 0.000 128 
3 8 3 22 19 8006 1117 5.000 0.000 128 
3 8 3 22 20 4998 732 5.000 0.000 128 
3 8 3 22 21 7275 1066 5.000 0.000 128 
3 8 3 22 22 2570 397 5.000 0.000 128 
3 8 3 22 23 6830 1039 5.000 0.000 128 
3 8 3 22 24 2906 449 5.000 0.000 128 
3 8 3 22 25 2829 418 5.000 0.000 128 
3 8 3 22 26 5793 824 5.000 0.000 128 
3 8 3 22 27 5906 873 5.000 0.000 128 
3 8 3 22 28 4390 630 5.000 0.000 128 
3 8 3 22 29 5309 820 5.000 0.000 128 
3 8 3 22 30 5091 754 5.000 0.000 128 
3 8 3 22 31 4551 664 5.000 0.000 128 
3 8 3 22 32 3770 608 5.000 0.000 128 
3 8 3 22 33 3736 568 5.000 0.000 128 
3 8 3 22 34 4153 650 5.000 0.000 128 
3 8 3 22 35 3940 575 5.000 0.000 128 
3 8 3 22 36 3299 467 5.000 0.000 128 
3 8 3 22 37 5085 730 5.000 0.000 128 
3 8 3 22 38 3452 461 5.000 0.000 128 
3 8 3 22 39 2643 426 5.000 0.000 128 
3 8 3 22 40 6979 1038 5.000 0.000 128 
3 8 3 22 41 3611 541 5.000 0.000 128 
3 8 3 22 42 6641 945 5.000 0.000 128 
3 8 3 22 43 6093 887 5.000 0.000 128 
3 8 3 22 44 4524 699 5.000 0.000 128 
3 8 3 22 45 3372 508 5.000 0.000 128 
3 8 3 22 46 5159 782 5.000 0.000 128 
3 8 3 22 47 3932 579 5.000 0.000 128 
3 8 3 22 48 3034 458 5.000 0.000 128 
3 8 3 22 49 6877 1000 5.000 0.000 128 
3 8 3 22 50 3683 508 5.000 0.000 128 
3 8 3 22 51 5110 748 5.000 0.000 128 
3 8 3 22 52 4686 701 5.000 0.000 128 
3 8 3 22 53 4168 606 5.000 0.000 128 
3 8 3 22 54 6417 927 5.000 0.000 128 
3 8 3 22 55 5361 825 5.000 0.000 128 
3 8 3 22 56 4358 643 5.000 0.000 128 
3 8 3 22 57 3226 481 5.000 0.000 128 
3 8 3 22 58 6007 910 5.000 0.000 128 
3 8 3 22 59 4098 650 5.000 0.000 128 
3 8 3 22 60 4854 754 5.000 0.000 128 
3 8 3 22 61 3725 555 5.000 0.000 128 
3 8 3 22 62 5684 833 5.000 0.000 128 
3 8 3 22 63 7072 1049 5.000 0.000 128 
3 8 3 22 64 6427 905 5.000 0.000 128 
3 8 3 22 65 7483 1090 5.000 0.000 128 
3 8 3 22 66 3944 617 5.000 0.000 128 
3 8 3 22 67 4613 656 5.000 0.000 128 
3 8 3 22 68 2722 409 5.000 0.000 128 
3 8 3 22 69 4713 679 5.000 0.000 128 
3 8 3 22 70 5643 852 5.000 0.000 128 
3 8 3 22 71 6434 907 5.000 0.000 128 
3 8 3 22 72 10754 1557 5.000 0.000 128 
3 8 3 22 73 5725 853 5.000 0.000 128 
3 8 3 22 74 5038 765 5.000 0.000 128 
3 8 3 22 75 5322 797 5.000 0.000 128 
3 8 3 22 76 5506 798 5.000 0.000 128 
3 8 3 22 77 8238 1168 5.000 0.000 128 
3 8 3 22 78 6645 917 5.000 0.000 128 
3 8 3 22 79 4776 703 5.000 0.000 128 
3 8 3 22 80 4513 709 5.000 0.000 128 
3 8 3 22 81 3495 534 5.000 0.000 128 
3 8 3 22 82 5085 757 5.000 0.000 128 
3 8 3 22 83 4227 591 5.000 0.000 128 
3 8 3 22 84 5388 786 5.000 0.000 128 
3 8 3 22 85 6011 827 5.000 0.000 128 
3 8 3 22 86 5379 772 5.000 0.000 128 
3 8 3 22 87 3913 527 5.000 0.000 128 
3 8 3 22 88 8433 1238 5.000 0.000 128 
3 8 3 22 89 5827 885 5.000 0.000 128 
3 8 3 22 90 6404 957 5.000 0.000 128 
3 8 3 22 91 5417 818 5.000 0.000 128 
3 8 3 22 92 4567 696 5.000 0.000 128 
3 8 3 22 93 7344 1034 5.000 0.000 128 
3 8 3 22 94 6582 922 5.000 0.000 128 
3 8 3 22 95 5613 868 5.000 0.000 128 
3 8 3 22 96 4700 721 5.000 0.000 128 
3 8 3 22 97 6391 924 5.000 0.000 128 
3 8 3 22 98 7032 1029 5.000 0.000 128 
3 8 3 22 99 5603 833 5.000 0.000 128 
3 8 3 22 100 4850 748 5.000 0.000 128 
3 8 3 22 101 7896 1178 5.000 0.000 128 
3 8 3 22 102 9103 1247 5.000 0.000 128 
3 8 3 22 103 3127 491 5.000 0.000 128 
3 8 3 22 104 4951 729 5.000 0.000 128 
3 8 3 22 105 7191 1114 5.000 0.000 128 
3 8 3 22 106 3890 563 5.000 0.000 128 
3 8 3 22 107 4435 630 5.000 0.000 128 
3 8 3 22 108 3579 553 5.000 0.000 128 
3 8 3 22 109 5988 865 5.000 0.000 128 
3 8 3 22 110 6991 1005 5.000 0.000 128 
3 8 3 22 111 3677 534 5.000 0.000 128 
3 8 3 22 112 4977 721 5.000 0.000 128 
3 8 3 22 113 6223 965 5.000 0.000 128 
3 8 3 22 114 5375 794 5.000 0.000 128 
3 8 3 22 115 4897 742 5.000 0.000 128 
3 8 3 22 116 7135 1005 5.000 0.000 128 
3 8 3 22 117 7896 1149 5.000 0.000 128 
3 8 3 22 118 4244 597 5.000 0.000 128 
3 8 3 22 119 5337 820 5.000 0.000 128 
3 8 3 22 120 3648 529 5.000 0.000 128 
3 8 3 22 121 4489 670 5.000 0.000 128 
3 8 3 22 122 2472 390 5.000 0.000 128 
3 8 3 22 123 4724 677 5.000 0.000 128 
3 8 3 22 124 4700 694 5.000 0.000 128 
3 8 3 22 125 6033 878 5.000 0.000 128 
3 8 3 22 126 5778 861 5.000 0.000 128 
3 8 3 22 127 2486 368 5.000 0.000 128 
3 8 3 23 0 1881 299 5.000 0.000 128 
3 8 3 23 1 5898 867 5.000 0.000 128 
3 8 3 23 2 3192 479 5.000 0.000 128 
3 8 3 23 3 3691 553 5.000 0.000 128 
3 8 3 23 4 2626 388 5.000 0.000 128 
3 8 3 23 5 6285 922 5.000 0.000 128 
3 8 3 23 6 5101 761 5.000 0.000 128 
3 8 3 23 7 3585 523 5.000 0.000 128 
3 8 3 23 8 2316 373 5.000 0.000 128 
3 8 3 23 9 3493 565 5.000 0.000 128 
3 8 3 23 10 3270 493 5.000 0.000 128 
3 8 3 23 11 2917 423 5.000 0.000 128 
3 8 3 23 12 3210 486 5.000 0.000 128 
3 8 3 23 13 2595 415 5.000 0.000 128 
3 8 3 23 14 5411 822 5.000 0.000 128 
3 8 3 23 15 4124 612 5.000 0.000 128 
3 8 3 23 16 3563 536 5.000 0.000 128 
3 8 3 23 17 4270 627 5.000 0.000 128 
3 8 3 23 18 2574 402 5.000 0.000 128 
3 8 3 23 19 2821 430 5.000 0.000 128 
3 8 3 23 20 2650 431 5.000 0.000 128 
3 8 3 23 21 4437 660 5.000 0.000 128 
3 8 3 23 22 3998 620 5.000 0.000 128 
3 8 3 23 23 4154 607 5.000 0.000 128 
3 8 3 23 24 4047 615 5.000 0.000 128 
3 8 3 23 25 2681 423 5.000 0.000 128 
3 8 3 23 26 4928 726 5.000 0.000 128 
3 8 3 23 27 4221 620 5.000 0.000 128 
3 8 3 23 28 4473 671 5.000 0.000 128 
3 8 3 23 29 3859 558 5.000 0.000 128 
3 8 3 23 30 6678 981 5.000 0.000 128 
3 8 3 23 31 7158 999 5.000 0.000 128 
3 8 3 23 32 2992 444 5.000 0.000 128 
3 8 3 23 33 3850 522 5.000 0.000 128 
3 8 3 23 34 4174 660 5.000 0.000 128 
3 8 3 23 35 6552 994 5.000 0.000 128 
3 8 3 23 36 3544 511 5.000 0.000 128 
3 8 3 23 37 5672 815 5.000 0.000 128 
3 8 3 23 38 5494 776 5.000 0.000 128 
3 8 3 23 39 3066 448 5.000 0.000 128 
3 8 3 23 40 4679 726 5.000 0.000 128 
3 8 3 23 41 4024 598 5.000 0.000 128 
3 8 3 23 42 2769 467 5.000 0.000 128 
3 8 3 23 43 4866 725 5.000 0.000 128 
3 8 3 23 44 4472 660 5.000 0.000 128 
3 8 3 23 45 5429 822 5.000 0.000 128 
3 8 3 23 46 5408 772 5.000 0.000 128 
3 8 3 23 47 3154 476 5.000 0.000 128 
3 8 3 23 48 8495 1175 5.000 0.000 128 
3 8 3 23 49 4801 720 5.000 0.000 128 
3 8 3 23 50 3638 554 5.000 0.000 128 
3 8 3 23 51 4902 732 5.000 0.000 128 
3 8 3 23 52 5773 883 5.000 0.000 128 
3 8 3 23 53 4678 683 5.000 0.000 128 
3 8 3 23 54 4377 671 5.000 0.000 128 
3 8 3 23 55 3388 479 5.000 0.000 128 
3 8 3 23 56 4323 641 5.000 0.000 128 
3 8 3 23 57 5309 752 5.000 0.000 128 
3 8 3 23 58 3675 522 5.000 0.000 128 
3 8 3 23 59 6361 946 5.000 0.000 128 
3 8 3 23 60 6838 1010 5.000 0.000 128 
3 8 3 23 61 4305 642 5.000 0.000 128 
3 8 3 23 62 3403 521 5.000 0.000 128 
3 8 3 23 63 3241 497 5.000 0.000 128 
3 8 3 23 64 6896 1019 5.000 0.000 128 
3 8 3 23 65 3831 575 5.000 0.000 128 
3 8 3 23 66 2837 461 5.000 0.000 128 
3 8 3 23 67 3578 545 5.000 0.000 128 
3 8 3 23 68 6087 865 5.000 0.000 128 
3 8 3 23 69 6143 927 5.000 0.000 128 
3 8 3 23 70 6581 987 5.000 0.000 128 
3 8 3 23 71 5604 864 5.000 0.000 128 
3 8 3 23 72 8920 1271 5.000 0.000 128 
3 8 3 23 73 5552 808 5.000 0.000 128 
3 8 3 23 74 6241 913 5.000 0.000 128 
3 8 3 23 75 4388 625 5.000 0.000 128 
3 8 3 23 76 5917 854 5.000 0.000 128 
3 8 3 23 77 3367 485 5.000 0.000 128 
3 8 3 23 78 10439 1555 5.000 0.000 128 
3 8 3 23 79 5219 754 5.000 0.000 128 
3 8 3 23 80 5977 888 5.000 0.000 128 
3 8 3 23 81 4371 684 5.000 0.000 128 
3 8 3 23 82 4710 663 5.000 0.000 128 
3 8 3 23 83 4468 609 5.000 0.000 128 
3 8 3 23 84 7317 1011 5.000 0.000 128 
3 8 3 23 85 9145 1352 5.000 0.000 128 
3 8 3 23 86 4839 740 5.000 0.000 128 
3 8 3 23 87 5915 939 5.000 0.000 128 
3 8 3 23 88 7438 1078 5.000 0.000 128 
3 8 3 23 89 7079 1046 5.000 0.000 128 
3 8 3 23 90 3680 519 5.000 0.000 128 
3 8 3 23 91 3685 541 5.000 0.000 128 
3 8 3 23 92 4793 717 5.000 0.000 128 
3 8 3 23 93 4987 777 5.000 0.000 128 
3 8 3 23 94 7859 1126 5.000 0.000 128 
3 8 3 23 95 6728 990 5.000 0.000 128 
3 8 3 23 96 3789 593 5.000 0.000 128 
3 8 3 23 97 4157 651 5.000 0.000 128 
3 8 3 23 98 8578 1258 5.000 0.000 128 
3 8 3 23 99 5464 842 5.000 0.000 128 
3 8 3 23 100 5769 779 5.000 0.000 128 
3 8 3 23 101 5216 711 5.000 0.000 128 
3 8 3 23 102 3628 516 5.000 0.000 128 
3 8 3 23 103 3165 466 5.000 0.000 128 
3 8 3 23 104 4599 670 5.000 0.000 128 
3 8 3 23 105 3709 577 5.000 0.000 128 
3 8 3 23 106 5848 844 5.000 0.000 128 
3 8 3 23 107 5125 759 5.000 0.000 128 
3 8 3 23 108 4862 708 5.000 0.000 128 
3 8 3 23 109 4739 690 5.000 0.000 128 
3 8 3 23 110 3829 568 5.000 0.000 128 
3 8 3 23 111 4561 684 5.000 0.000 128 
3 8 3 23 112 4316 658 5.000 0.000 128 
3 8 3 23 113 4274 635 5.000 0.000 128 
3 8 3 23 114 3321 450 5.000 0.000 128 
3 8 3 23 115 7680 1133 5.000 0.000 128 
3 8 3 23 116 6587 976 5.000 0.000 128 
3 8 3 23 117 4434 693 5.000 0.000 128 
3 8 3 23 118 7877 1099 5.000 0.000 128 
3 8 3 23 119 3987 574 5.000 0.000 128 
3 8 3 23 120 4945 677 5.000 0.000 128 
3 8 3 23 121 5997 843 5.000 0.000 128 
3 8 3 23 122 3817 562 5.000 0.000 128 
3 8 3 23 123 4836 704 5.000 0.000 128 
3 8 3 23 124 3836 617 5.000 0.000 128 
3 8 3 23 125 2163 342 5.000 0.000 128 
3 8 3 23 126 3533 537 5.000 0.000 128 
3 8 3 23 127 3376 504 5.000 0.000 128 
3 8 3 24 0 2947 461 5.000 0.000 128 
3 8 3 24 1 3769 514 5.000 0.000 128 
3 8 3 24 2 3937 577 5.000 0.000 128 
3 8 3 24 3 3737 578 5.000 0.000 128 
3 8 3 24 4 4083 607 5.000 0.000 128 
3 8 3 24 5 2099 325 5.000 0.000 128 
3 8 3 24 6 5700 804 5.000 0.000 128 
3 8 3 24 7 5324 749 5.000 0.000 128 
3 8 3 24 8 4775 733 5.000 0.000 128 
3 8 3 24 9 2695 398 5.000 0.000 128 
3 8 3 24 10 2266 350 5.000 0.000 128 
3 8 3 24 11 2429 361 5.000 0.000 128 
3 8 3 24 12 4702 764 5.000 0.000 128 
3 8 3 24 13 3910 551 5.000 0.000 128 
3 8 3 24 14 2421 356 5.000 0.000 128 
3 8 3 24 15 3616 550 5.000 0.000 128 
3 8 3 24 16 2202 312 5.000 0.000 128 
3 8 3 24 17 4270 625 5.000 0.000 128 
3 8 3 24 18 4164 608 5.000 0.000 128 
3 8 3 24 19 5289 790 5.000 0.000 128 
3 8 3 24 20 2997 440 5.000 0.000 128 
3 8 3 24 21 2506 414 5.000 0.000 128 
3 8 3 24 22 3517 540 5.000 0.000 128 
3 8 3 24 23 3620 527 5.000 0.000 128 
3 8 3 24 24 1430 229 5.000 0.000 128 
3 8 3 24 25 1978 316 5.000 0.000 128 
3 8 3 24 26 3166 469 5.000 0.000 128 
3 8 3 24 27 5765 867 5.000 0.000 128 
3 8 3 24 28 4625 674 5.000 0.000 128 
3 8 3 24 29 3728 565 5.000 0.000 128 
3 8 3 24 30 4227 638 5.000 0.000 128 
3 8 3 24 31 6340 915 5.000 0.000 128 
3 8 3 24 32 3822 552 5.000 0.000 128 
3 8 3 24 33 2714 450 5.000 0.000 128 
3 8 3 24 34 2042 306 5.000 0.000 128 
3 8 3 24 35 4958 784 5.000 0.000 128 
3 8 3 24 36 7498 1138 5.000 0.000 128 
3 8 3 24 37 4119 590 5.000 0.000 128 
3 8 3 24 38 6352 903 5.000 0.000 128 
3 8 3 24 39 4481 679 5.000 0.000 128 
3 8 3 24 40 6025 857 5.000 0.000 128 
3 8 3 24 41 8122 1174 5.000 0.000 128 
3 8 3 24 42 4922 774 5.000 0.000 128 
3 8 3 24 43 3111 472 5.000 0.000 128 
3 8 3 24 44 3949 591 5.000 0.000 128 
3 8 3 24 45 5703 882 5.000 0.000 128 
3 8 3 24 46 5870 878 5.000 0.000 128 
3 8 3 24 47 3015 468 5.000 0.000 128 
3 8 3 24 48 3402 527 5.000 0.000 128 
3 8 3 24 49 5947 836 5.000 0.000 128 
3 8 3 24 50 5542 820 5.000 0.000 128 
3 8 3 24 51 2291 370 5.000 0.000 128 
3 8 3 24 52 3112 483 5.000 0.000 128 
3 8 3 24 53 4038 601 5.000 0.000 128 
3 8 3 24 54 3615 543 5.000 0.000 128 
3 8 3 24 55 3217 490 5.000 0.000 128 
3 8 3 24 56 4791 669 5.000 0.000 128 
3 8 3 24 57 2057 322 5.000 0.000 128 
3 8 3 24 58 3986 629 5.000 0.000 128 
3 8 3 24 59 4107 622 5.000 0.000 128 
3 8 3 24 60 4511 663 5.000 0.000 128 
3 8 3 24 61 6506 966 5.000 0.000 128 
3 8 3 24 62 4397 625 5.000 0.000 128 
3 8 3 24 63 4546 648 5.000 0.000 128 
3 8 3 24 64 8534 1241 5.000 0.000 128 
3 8 3 24 65 5233 747 5.000 0.000 128 
3 8 3 24 66 4050 588 5.000 0.000 128 
3 8 3 24 67 7137 1027 5.000 0.000 128 
3 8 3 24 68 5501 776 5.000 0.000 128 
3 8 3 24 69 7862 1160 5.000 0.000 128 
3 8 3 24 70 6574 945 5.000 0.000 128 
3 8 3 24 71 9268 1383 5.000 0.000 128 
3 8 3 24 72 3763 555 5.000 0.000 128 
3 8 3 24 73 3859 548 5.000 0.000 128 
3 8 3 24 74 5933 844 5.000 0.000 128 
3 8 3 24 75 9260 1361 5.000 0.000 128 
3 8 3 24 76 6116 881 5.000 0.000 128 
3 8 3 24 77 2984 455 5.000 0.000 128 
3 8 3 24 78 6189 917 5.000 0.000 128 
3 8 3 24 79 5593 791 5.000 0.000 128 
3 8 3 24 80 3676 560 5.000 0.000 128 
3 8 3 24 81 3680 538 5.000 0.000 128 
3 8 3 24 82 9585 1377 5.000 0.000 128 
3 8 3 24 83 6888 1006 5.000 0.000 128 
3 8 3 24 84 5305 795 5.000 0.000 128 
3 8 3 24 85 8259 1185 5.000 0.000 128 
3 8 3 24 86 6779 973 5.000 0.000 128 
3 8 3 24 87 3135 488 5.000 0.000 128 
3 8 3 24 88 6759 1005 5.000 0.000 128 
3 8 3 24 89 3728 533 5.000 0.000 128 
3 8 3 24 90 12334 1763 5.000 0.000 128 
3 8 3 24 91 5924 894 5.000 0.000 128 
3 8 3 24 92 4690 737 5.000 0.000 128 
3 8 3 24 93 5918 872 5.000 0.000 128 
3 8 3 24 94 2526 397 5.000 0.000 128 
3 8 3 24 95 4029 627 5.000 0.000 128 
3 8 3 24 96 6903 949 5.000 0.000 128 
3 8 3 24 97 6230 890 5.000 0.000 128 
3 8 3 24 98 5800 846 5.000 0.000 128 
3 8 3 24 99 7610 1091 5.000 0.000 128 
3 8 3 24 100 4097 572 5.000 0.000 128 
3 8 3 24 101 6596 1037 5.000 0.000 128 
3 8 3 24 102 6887 980 5.000 0.000 128 
3 8 3 24 103 4060 640 5.000 0.000 128 
3 8 3 24 104 3289 521 5.000 0.000 128 
3 8 3 24 105 5256 772 5.000 0.000 128 
3 8 3 24 106 2653 431 5.000 0.000 128 
3 8 3 24 107 3847 593 5.000 0.000 128 
3 8 3 24 108 5359 804 5.000 0.000 128 
3 8 3 24 109 6414 946 5.000 0.000 128 
3 8 3 24 110 3316 503 5.000 0.000 128 
3 8 3 24 111 3930 571 5.000 0.000 128 
3 8 3 24 112 2832 453 5.000 0.000 128 
3 8 3 24 113 5995 890 5.000 0.000 128 
3 8 3 24 114 4568 654 5.000 0.000 128 
3 8 3 24 115 4319 621 5.000 0.000 128 
3 8 3 24 116 2717 441 5.000 0.000 128 
3 8 3 24 117 4610 741 5.000 0.000 128 
3 8 3 24 118 6189 869 5.000 0.000 128 
3 8 3 24 119 4106 610 5.000 0.000 128 
3 8 3 24 120 3899 578 5.000 0.000 128 
3 8 3 24 121 5713 853 5.000 0.000 128 
3 8 3 24 122 4030 603 5.000 0.000 128 
3 8 3 24 123 3434 519 5.000 0.000 128 
3 8 3 24 124 4909 756 5.000 0.000 128 
3 8 3 24 125 3928 580 5.000 0.000 128 
3 8 3 24 126 3965 604 5.000 0.000 128 
3 8 3 24 127 3189 491 5.000 0.000 128 
3 8 3 25 0 1920 299 5.000 0.000 128 
3 8 3 25 1 1964 306 5.000 0.000 128 
3 8 3 25 2 2512 388 5.000 0.000 128 
3 8 3 25 3 2730 418 5.000 0.000 128 
3 8 3 25 4 2346 367 5.000 0.000 128 
3 8 3 25 5 1399 216 5.000 0.000 128 
3 8 3 25 6 1863 287 5.000 0.000 128 
3 8 3 25 7 978 194 20.720 7.500 68 
3 8 3 25 8 2043 336 5.000 0.000 128 
3 8 3 25 9 988 181 18.332 7.500 64 
3 8 3 25 10 1736 296 5.000 0.000 128 
3 8 3 25 11 1587 254 5.000 0.000 128 
3 8 3 25 12 3164 474 5.000 0.000 128 
3 8 3 25 13 3299 487 5.000 0.000 128 
3 8 3 25 14 2477 400 5.000 0.000 128 
3 8 3 25 15 2726 408 5.000 0.000 128 
3 8 3 25 16 1837 310 5.000 0.000 128 
3 8 3 25 17 2251 351 5.000 0.000 128 
3 8 3 25 18 2798 396 5.000 0.000 128 
3 8 3 25 19 1490 238 5.000 0.000 128 
3 8 3 25 20 1986 300 5.000 0.000 128 
3 8 3 25 21 5176 773 5.000 0.000 128 
3 8 3 25 22 2599 388 5.000 0.000 128 
3 8 3 25 23 4889 717 5.000 0.000 128 
3 8 3 25 24 2202 358 5.000 0.000 128 
3 8 3 25 25 2409 366 5.000 0.000 128 
3 8 3 25 26 3625 516 5.000 0.000 128 
3 8 3 25 27 3845 546 5.000 0.000 128 
3 8 3 25 28 1648 264 5.000 0.000 128 
3 8 3 25 29 2079 342 5.000 0.000 128 
3 8 3 25 30 1657 266 5.000 0.000 128 
3 8 3 25 31 4730 715 5.000 0.000 128 
3 8 3 25 32 3861 585 5.000 0.000 128 
3 8 3 25 33 3545 518 5.000 0.000 128 
3 8 3 25 34 2964 486 5.000 0.000 128 
3 8 3 25 35 2852 435 5.000 0.000 128 
3 8 3 25 36 2688 402 5.000 0.000 128 
3 8 3 25 37 2150 338 5.000 0.000 128 
3 8 3 25 38 2543 385 5.000 0.000 128 
3 8 3 25 39 4376 659 5.000 0.000 128 
3 8 3 25 40 4203 611 5.000 0.000 128 
3 8 3 25 41 2359 373 5.000 0.000 128 
3 8 3 25 42 4268 645 5.000 0.000 128 
3 8 3 25 43 4289 581 5.000 0.000 128 
3 8 3 25 44 3526 532 5.000 0.000 128 
3 8 3 25 45 3973 574 5.000 0.000 128 
3 8 3 25 46 4082 629 5.000 0.000 128 
3 8 3 25 47 4149 618 5.000 0.000 128 
3 8 3 25 48 3092 466 5.000 0.000 128 
3 8 3 25 49 2200 307 5.000 0.000 128 
3 8 3 25 50 1783 286 5.000 0.000 128 
3 8 3 25 51 1901 271 5.000 0.000 128 
3 8 3 25 52 2320 328 5.000 0.000 128 
3 8 3 25 53 2994 451 5.000 0.000 128 
3 8 3 25 54 1981 316 5.000 0.000 128 
3 8 3 25 55 7789 1160 5.000 0.000 128 
3 8 3 25 56 3050 444 5.000 0.000 128 
3 8 3 25 57 4112 611 5.000 0.000 128 
3 8 3 25 58 2641 410 5.000 0.000 128 
3 8 3 25 59 3267 495 5.000 0.000 128 
3 8 3 25 60 5969 873 5.000 0.000 128 
3 8 3 25 61 2309 364 5.000 0.000 128 
3 8 3 25 62 1910 277 5.000 0.000 128 
3 8 3 25 63 5083 753 5.000 0.000 128 
3 8 3 25 64 3815 554 5.000 0.000 128 
3 8 3 25 65 6534 952 5.000 0.000 128 
3 8 3 25 66 4458 621 5.000 0.000 128 
3 8 3 25 67 5429 841 5.000 0.000 128 
3 8 3 25 68 2899 485 5.000 0.000 128 
3 8 3 25 69 3728 549 5.000 0.000 128 
3 8 3 25 70 4438 644 5.000 0.000 128 
3 8 3 25 71 4781 767 5.000 0.000 128 
3 8 3 25 72 7671 1067 5.000 0.000 128 
3 8 3 25 73 5852 871 5.000 0.000 128 
3 8 3 25 74 3714 559 5.000 0.000 128 
3 8 3 25 75 2658 401 5.000 0.000 128 
3 8 3 25 76 3085 488 5.000 0.000 128 
3 8 3 25 77 4113 656 5.000 0.000 128 
3 8 3 25 78 3588 551 5.000 0.000 128 
3 8 3 25 79 3442 518 5.000 0.000 128 
3 8 3 25 80 6993 1069 5.000 0.000 128 
3 8 3 25 81 2037 304 5.000 0.000 128 
3 8 3 25 82 4208 631 5.000 0.000 128 
3 8 3 25 83 3279 477 5.000 0.000 128 
3 8 3 25 84 6378 952 5.000 0.000 128 
3 8 3 25 85 6140 920 5.000 0.000 128 
3 8 3 25 86 5002 718 5.000 0.000 128 
3 8 3 25 87 5401 834 5.000 0.000 128 
3 8 3 25 88 9313 1329 5.000 0.000 128 
3 8 3 25 89 3804 611 5.000 0.000 128 
3 8 3 25 90 5140 750 5.000 0.000 128 
3 8 3 25 91 4280 582 5.000 0.000 128 
3 8 3 25 92 3374 505 5.000 0.000 128 
3 8 3 25 93 5131 774 5.000 0.000 128 
3 8 3 25 94 5814 842 5.000 0.000 128 
3 8 3 25 95 3202 485 5.000 0.000 128 
3 8 3 25 96 4296 623 5.000 0.000 128 
3 8 3 25 97 2165 315 5.000 0.000 128 
3 8 3 25 98 3749 560 5.000 0.000 128 
3 8 3 25 99 5128 774 5.000 0.000 128 
3 8 3 25 100 3850 589 5.000 0.000 128 
3 8 3 25 101 2809 411 5.000 0.000 128 
3 8 3 25 102 3234 486 5.000 0.000 128 
3 8 3 25 103 5005 746 5.000 0.000 128 
3 8 3 25 104 2872 435 5.000 0.000 128 
3 8 3 25 105 3314 486 5.000 0.000 128 
3 8 3 25 106 4121 637 5.000 0.000 128 
3 8 3 25 107 6210 921 5.000 0.000 128 
3 8 3 25 108 5032 765 5.000 0.000 128 
3 8 3 25 109 3451 513 5.000 0.000 128 
3 8 3 25 110 2852 439 5.000 0.000 128 
3 8 3 25 111 4478 651 5.000 0.000 128 
3 8 3 25 112 4868 760 5.000 0.000 128 
3 8 3 25 113 3027 456 5.000 0.000 128 
3 8 3 25 114 4617 709 5.000 0.000 128 
3 8 3 25 115 7524 1116 5.000 0.000 128 
3 8 3 25 116 7018 1016 5.000 0.000 128 
3 8 3 25 117 3794 571 5.000 0.000 128 
3 8 3 25 118 6607 946 5.000 0.000 128 
3 8 3 25 119 9083 1305 5.000 0.000 128 
3 8 3 25 120 3879 579 5.000 0.000 128 
3 8 3 25 121 7724 1134 5.000 0.000 128 
3 8 3 25 122 5195 771 5.000 0.000 128 
3 8 3 25 123 2759 412 5.000 0.000 128 
3 8 3 25 124 4822 700 5.000 0.000 128 
3 8 3 25 125 4335 638 5.000 0.000 128 
3 8 3 25 126 3284 470 5.000 0.000 128 
3 8 3 25 127 8600 1259 5.000 0.000 128 
3 8 3 26 0 3213 476 5.000 0.000 128 
3 8 3 26 1 1508 268 5.000 0.000 128 
3 8 3 26 2 2190 326 5.000 0.000 128 
3 8 3 26 3 1804 269 5.000 0.000 128 
3 8 3 26 4 1814 265 5.000 0.000 128 
3 8 3 26 5 2283 341 5.000 0.000 128 
3 8 3 26 6 1614 257 5.000 0.000 128 
3 8 3 26 7 1699 271 5.000 0.000 128 
3 8 3 26 8 3552 535 5.000 0.000 128 
3 8 3 26 9 2953 465 5.000 0.000 128 
3 8 3 26 10 1865 286 5.000 0.000 128 
3 8 3 26 11 2157 340 5.000 0.000 128 
3 8 3 26 12 3861 573 5.000 0.000 128 
3 8 3 26 13 2510 374 5.000 0.000 128 
3 8 3 26 14 1665 274 5.000 0.000 128 
3 8 3 26 15 2092 336 5.000 0.000 128 
3 8 3 26 16 3707 570 5.000 0.000 128 
3 8 3 26 17 2934 440 5.000 0.000 128 
3 8 3 26 18 2694 433 5.000 0.000 128 
3 8 3 26 19 4478 678 5.000 0.000 128 
3 8 3 26 20 2683 442 5.000 0.000 128 
3 8 3 26 21 3344 482 5.000 0.000 128 
3 8 3 26 22 3280 473 5.000 0.000 128 
3 8 3 26 23 1404 260 5.000 0.000 128 
3 8 3 26 24 3406 482 5.000 0.000 128 
3 8 3 26 25 2045 330 5.000 0.000 128 
3 8 3 26 26 8135 1166 5.000 0.000 128 
3 8 3 26 27 3622 535 5.000 0.000 128 
3 8 3 26 28 2524 369 5.000 0.000 128 
3 8 3 26 29 6951 1028 5.000 0.000 128 
3 8 3 26 30 3321 512 5.000 0.000 128 
3 8 3 26 31 2115 321 5.000 0.000 128 
3 8 3 26 32 3010 454 5.000 0.000 128 
3 8 3 26 33 4973 706 5.000 0.000 128 
3 8 3 26 34 2753 439 5.000 0.000 128 
3 8 3 26 35 2673 408 5.000 0.000 128 
3 8 3 26 36 4892 681 5.000 0.000 128 
3 8 3 26 37 2232 344 5.000 0.000 128 
3 8 3 26 38 1689 239 5.000 0.000 128 
3 8 3 26 39 2649 409 5.000 0.000 128 
3 8 3 26 40 4025 591 5.000 0.000 128 
3 8 3 26 41 2742 418 5.000 0.000 128 
3 8 3 26 42 3786 597 5.000 0.000 128 
3 8 3 26 43 2663 403 5.000 0.000 128 
3 8 3 26 44 3326 505 5.000 0.000 128 
3 8 3 26 45 3289 513 5.000 0.000 128 
3 8 3 26 46 2768 414 5.000 0.000 128 
3 8 3 26 47 4542 626 5.000 0.000 128 
3 8 3 26 48 5985 887 5.000 0.000 128 
3 8 3 26 49 2709 430 5.000 0.000 128 
3 8 3 26 50 2781 426 5.000 0.000 128 
3 8 3 26 51 4046 554 5.000 0.000 128 
3 8 3 26 52 5187 795 5.000 0.000 128 
3 8 3 26 53 2848 451 5.000 0.000 128 
3 8 3 26 54 2337 361 5.000 0.000 128 
3 8 3 26 55 2492 387 5.000 0.000 128 
3 8 3 26 56 2196 334 5.000 0.000 128 
3 8 3 26 57 5956 831 5.000 0.000 128 
3 8 3 26 58 3414 507 5.000 0.000 128 
3 8 3 26 59 4378 686 5.000 0.000 128 
3 8 3 26 60 4218 592 5.000 0.000 128 
3 8 3 26 61 1891 304 5.000 0.000 128 
3 8 3 26 62 3218 482 5.000 0.000 128 
3 8 3 26 63 2022 340 5.000 0.000 128 
3 8 3 26 64 3199 473 5.000 0.000 128 
3 8 3 26 65 2056 323 5.000 0.000 128 
3 8 3 26 66 4676 663 5.000 0.000 128 
3 8 3 26 67 4620 650 5.000 0.000 128 
3 8 3 26 68 2092 307 5.000 0.000 128 
3 8 3 26 69 2856 430 5.000 0.000 128 
3 8 3 26 70 3025 432 5.000 0.000 128 
3 8 3 26 71 5341 813 5.000 0.000 128 
3 8 3 26 72 5086 725 5.000 0.000 128 
3 8 3 26 73 2832 401 5.000 0.000 128 
3 8 3 26 74 2547 390 5.000 0.000 128 
3 8 3 26 75 2578 381 5.000 0.000 128 
3 8 3 26 76 4151 626 5.000 0.000 128 
3 8 3 26 77 2132 377 5.000 0.000 128 
3 8 3 26 78 4211 594 5.000 0.000 128 
3 8 3 26 79 3116 462 5.000 0.000 128 
3 8 3 26 80 3013 446 5.000 0.000 128 
3 8 3 26 81 2756 433 5.000 0.000 128 
3 8 3 26 82 4087 622 5.000 0.000 128 
3 8 3 26 83 4513 651 5.000 0.000 128 
3 8 3 26 84 2425 363 5.000 0.000 128 
3 8 3 26 85 6048 874 5.000 0.000 128 
3 8 3 26 86 3531 524 5.000 0.000 128 
3 8 3 26 87 6674 931 5.000 0.000 128 
3 8 3 26 88 2856 442 5.000 0.000 128 
3 8 3 26 89 2586 389 5.000 0.000 128 
3 8 3 26 90 5494 809 5.000 0.000 128 
3 8 3 26 91 4185 644 5.000 0.000 128 
3 8 3 26 92 4955 704 5.000 0.000 128 
3 8 3 26 93 2602 423 5.000 0.000 128 
3 8 3 26 94 3455 540 5.000 0.000 128 
3 8 3 26 95 3119 454 5.000 0.000 128 
3 8 3 26 96 2090 330 5.000 0.000 128 
3 8 3 26 97 4184 630 5.000 0.000 128 
3 8 3 26 98 2919 452 5.000 0.000 128 
3 8 3 26 99 3870 584 5.000 0.000 128 
3 8 3 26 100 3161 459 5.000 0.000 128 
3 8 3 26 101 1771 260 5.000 0.000 128 
3 8 3 26 102 2265 332 5.000 0.000 128 
3 8 3 26 103 3186 479 5.000 0.000 128 
3 8 3 26 104 3208 493 5.000 0.000 128 
3 8 3 26 105 4506 691 5.000 0.000 128 
3 8 3 26 106 4463 686 5.000 0.000 128 
3 8 3 26 107 4336 647 5.000 0.000 128 
3 8 3 26 108 2527 424 5.000 0.000 128 
3 8 3 26 109 6158 898 5.000 0.000 128 
3 8 3 26 110 3178 470 5.000 0.000 128 
3 8 3 26 111 2025 341 5.000 0.000 128 
3 8 3 26 112 3183 456 5.000 0.000 128 
3 8 3 26 113 4187 579 5.000 0.000 128 
3 8 3 26 114 4495 618 5.000 0.000 128 
3 8 3 26 115 3144 465 5.000 0.000 128 
3 8 3 26 116 3610 533 5.000 0.000 128 
3 8 3 26 117 3040 480 5.000 0.000 128 
3 8 3 26 118 1977 323 5.000 0.000 128 
3 8 3 26 119 4381 631 5.000 0.000 128 
3 8 3 26 120 1743 302 5.000 0.000 128 
3 8 3 26 121 4882 687 5.000 0.000 128 
3 8 3 26 122 5059 724 5.000 0.000 128 
3 8 3 26 123 2341 353 5.000 0.000 128 
3 8 3 26 124 5174 739 5.000 0.000 128 
3 8 3 26 125 3171 485 5.000 0.000 128 
3 8 3 26 126 3514 533 5.000 0.000 128 
3 8 3 26 127 3799 609 5.000 0.000 128 
4 0 0 17 0 704 111 23.896 4.912 12 
5 10 10 5 83 391 96 29.467 5.206 15 
5 12 5 19 0 0 0 5.000 0.000 32 
4 1 8 11 0 3100534 500043 5.000 0.000 128 
4 1 8 11 1 2263 90 5.000 0.000 130 
4 1 8 11 2 1780 90 5.000 0.000 130 
4 1 8 11 3 1914 90 5.000 0.000 130 
4 1 8 11 4 2225 90 5.000 0.000 130 
4 1 8 11 5 1971 90 5.000 0.000 130 
4 1 8 11 6 2383 90 5.000 0.000 130 
4 1 8 11 7 2206 90 5.000 0.000 130 
4 1 8 11 8 1976 90 5.000 0.000 130 
4 1 8 11 9 1742 90 5.000 0.000 130 
4 1 8 11 10 1769 90 5.000 0.000 130 
4 1 8 11 11 1867 90 5.000 0.000 130 
4 1 8 11 12 1893 90 5.000 0.000 130 
4 1 8 11 13 1989 90 5.000 0.000 130 
4 1 8 11 14 1711 90 5.000 0.000 130 
4 1 8 11 15 1491 90 5.000 0.000 130 
4 1 8 11 16 2398 90 5.000 0.000 130 
4 1 8 11 17 1774 90 5.000 0.000 130 
4 1 8 11 18 1724 90 5.000 0.000 130 
4 1 8 11 19 1685 90 5.000 0.000 130 
4 1 8 11 20 1958 90 5.000 0.000 130 
4 1 8 11 21 1833 90 5.000 0.000 130 
4 1 8 11 22 2160 90 5.000 0.000 130 
4 1 8 11 23 1605 90 5.000 0.000 130 
4 1 8 11 24 2328 111 5.000 0.000 128 
4 1 8 11 25 2114 90 5.000 0.000 130 
4 1 8 11 26 1828 90 5.000 0.000 130 
4 1 8 11 27 1820 90 5.000 0.000 130 
4 1 8 11 28 2146 90 5.000 0.000 130 
4 1 8 11 29 1971 90 5.000 0.000 130 
4 1 8 11 30 1740 90 5.000 0.000 130 
4 1 8 11 31 1394 90 5.000 0.000 130 
4 1 8 11 32 1941 90 5.000 0.000 130 
4 1 8 11 33 1694 90 5.000 0.000 130 
4 1 8 11 34 1891 90 5.000 0.000 130 
4 1 8 11 35 2091 90 5.000 0.000 130 
4 1 8 11 36 2230 90 5.000 0.000 130 
4 1 8 11 37 1916 90 5.000 0.000 130 
4 1 8 11 38 1877 90 5.000 0.000 130 
4 1 8 11 39 1865 90 5.000 0.000 130 
4 1 8 11 40 1973 90 5.000 0.000 130 
4 1 8 11 41 1971 90 5.000 0.000 130 
4 1 8 11 42 2059 90 5.000 0.000 130 
4 1 8 11 43 1937 90 5.000 0.000 130 
4 1 8 11 44 1924 90 5.000 0.000 130 
4 1 8 11 45 1912 90 5.000 0.000 130 
4 1 8 11 46 1664 90 5.000 0.000 130 
4 1 8 11 47 1624 90 5.000 0.000 130 
4 1 8 11 48 1901 90 5.000 0.000 130 
4 1 8 11 49 1630 90 5.000 0.000 130 
4 1 8 11 50 1940 90 5.000 0.000 130 
4 1 8 11 51 2181 90 5.000 0.000 130 
4 1 8 11 52 1922 90 5.000 0.000 130 
4 1 8 11 53 2043 90 5.000 0.000 130 
4 1 8 11 54 1764 90 5.000 0.000 130 
4 1 8 11 55 1693 90 5.000 0.000 130 
4 1 8 11 56 2082 90 5.000 0.000 130 
4 1 8 11 57 2070 90 5.000 0.000 130 
4 1 8 11 58 1806 90 5.000 0.000 130 
4 1 8 11 59 1950 90 5.000 0.000 130 
4 1 8 11 60 1906 90 5.000 0.000 130 
4 1 8 11 61 1524 90 5.000 0.000 130 
4 1 8 11 62 1941 90 5.000 0.000 130 
4 1 8 11 63 2006 90 5.000 0.000 130 
4 1 8 11 64 2173 90 5.000 0.000 130 
4 1 8 11 65 2145 90 5.000 0.000 130 
4 1 8 11 66 2075 90 5.000 0.000 130 
4 1 8 11 67 1968 90 5.000 0.000 130 
4 1 8 11 68 2145 90 5.000 0.000 130 
4 1 8 11 69 2175 90 5.000 0.000 130 
4 1 8 11 70 2188 90 5.000 0.000 130 
4 1 8 11 71 2041 90 5.000 0.000 130 
4 1 8 11 72 2257 90 5.000 0.000 130 
4 1 8 11 73 1824 90 5.000 0.000 130 
4 1 8 11 74 1698 90 5.000 0.000 130 
4 1 8 11 75 1959 90 5.000 0.000 130 
4 1 8 11 76 2130 90 5.000 0.000 130 
4 1 8 11 77 1746 90 5.000 0.000 130 
4 1 8 11 78 1702 90 5.000 0.000 130 
4 1 8 11 79 1689 90 5.000 0.000 130 
4 1 8 11 80 2079 90 5.000 0.000 130 
4 1 8 11 81 2122 90 5.000 0.000 130 
4 1 8 11 82 2273 90 5.000 0.000 130 
4 1 8 11 83 2077 90 5.000 0.000 130 
4 1 8 11 84 2130 90 5.000 0.000 130 
4 1 8 11 85 1735 90 5.000 0.000 130 
4 1 8 11 86 1809 90 5.000 0.000 130 
4 1 8 11 87 1906 90 5.000 0.000 130 
4 1 8 11 88 1905 90 5.000 0.000 130 
4 1 8 11 89 2046 90 5.000 0.000 130 
4 1 8 11 90 2065 90 5.000 0.000 130 
4 1 8 11 91 2002 90 5.000 0.000 130 
4 1 8 11 92 2110 90 5.000 0.000 130 
4 1 8 11 93 2028 90 5.000 0.000 130 
4 1 8 11 94 1832 90 5.000 0.000 130 
4 1 8 11 95 1821 90 5.000 0.000 130 
4 1 8 11 96 2053 90 5.000 0.000 130 
4 1 8 11 97 2077 90 5.000 0.000 130 
4 1 8 11 98 2075 90 5.000 0.000 130 
4 1 8 11 99 2106 90 5.000 0.000 130 
4 1 8 11 100 2127 90 5.000 0.000 130 
4 1 8 11 101 2255 90 5.000 0.000 130 
4 1 8 11 102 1888 90 5.000 0.000 130 
4 1 8 11 103 1710 90 5.000 0.000 130 
4 1 8 11 104 2052 90 5.000 0.000 130 
4 1 8 11 105 1967 90 5.000 0.000 130 
4 1 8 11 106 1889 90 5.000 0.000 130 
4 1 8 11 107 1800 90 5.000 0.000 130 
4 1 8 11 108 1661 90 5.000 0.000 130 
4 1 8 11 109 1880 90 5.000 0.000 130 
4 1 8 11 110 1769 90 5.000 0.000 130 
4 1 8 11 111 1815 90 5.000 0.000 130 
4 1 8 11 112 1991 90 5.000 0.000 130 
4 1 8 11 113 1884 90 5.000 0.000 130 
4 1 8 11 114 1695 90 5.000 0.000 130 
4 1 8 11 115 1987 90 5.000 0.000 130 
4 1 8 11 116 2001 90 5.000 0.000 130 
4 1 8 11 117 1713 90 5.000 0.000 130 
4 1 8 11 118 1732 90 5.000 0.000 130 
4 1 8 11 119 1801 90 5.000 0.000 130 
4 1 8 11 120 1745 90 5.000 0.000 130 
4 1 8 11 121 1339 90 5.000 0.000 130 
4 1 8 11 122 1644 90 5.000 0.000 130 
4 1 8 11 123 1557 90 5.000 0.000 130 
4 1 8 11 124 1616 90 5.000 0.000 130 
4 1 8 11 125 1587 90 5.000 0.000 130 
4 1 8 11 126 1347 90 5.000 0.000 130 
4 1 8 11 127 1441 90 5.000 0.000 130 
6 2 3 16 108 857 148 17.835 7.500 0 
6 2 3 23 117 3695 515 5.000 0.000 128 
6 2 3 23 118 26117 3699 5.000 0.000 128 
6 2 3 23 119 3469 550 5.000 0.000 128 
6 6 0 25 23 23305 3275 5.000 0.000 128 
