B0L000_1,  -37.974169,  250.668296,  -71.573027
B0L000_2,  -37.282322,  -241.260395,  -71.427629
B0L000_3,  -4.482564,  -241.190330,  -80.209207
B0L000_4,  -5.199084,  250.709747,  -80.615233
B0L001_1,  -67.245138,  250.529745,  -44.187139
B0L001_2,  -66.968005,  -241.322534,  -44.381619
B0L001_3,  -42.906502,  -241.220291,  -68.320521
B0L001_4,  -43.329242,  250.691310,  -68.375938
B0L002_1,  -78.818323,  250.818327,  -6.247263
B0L002_2,  -78.814317,  -241.218110,  -6.057371
B0L002_3,  -69.969479,  -241.157616,  -38.878599
B0L002_4,  -70.057721,  250.858538,  -38.988666
B0L003_1,  -70.007444,  250.686542,  32.993500
B0L003_2,  -70.011697,  -241.385747,  33.180529
B0L003_3,  -78.700003,  -241.337139,  0.346792
B0L003_4,  -78.874531,  250.685367,  0.291958
B0L004_1,  -43.609830,  250.791793,  62.335049
B0L004_2,  -43.259587,  -241.103793,  62.470601
B0L004_3,  -67.193705,  -241.086455,  38.175029
B0L004_4,  -67.235177,  250.834646,  37.845975
B0L005_1,  -4.919154,  250.949721,  74.336795
B0L005_2,  -4.915173,  -241.052172,  74.486332
B0L005_3,  -37.630846,  -241.057584,  65.429889
B0L005_4,  -37.672817,  250.986114,  65.291960
B0L100_1,  -19.098758,  250.771517,  -84.527101
B0L100_2,  -18.471296,  -241.174642,  -84.225150
B0L100_3,  15.544506,  -241.184771,  -84.035868
B0L100_4,  14.938975,  250.799848,  -84.647487
B0L101_1,  -57.292365,  250.764730,  -65.054013
B0L101_2,  -56.774380,  -241.157944,  -65.007875
B0L101_3,  -27.406401,  -241.104256,  -81.804099
B0L101_4,  -28.072841,  250.745290,  -82.107139
B0L102_1,  -80.660313,  250.750488,  -29.184629
B0L102_2,  -80.534322,  -241.086235,  -29.006092
B0L102_3,  -63.558955,  -241.086951,  -58.347643
B0L102_4,  -63.900628,  250.884064,  -58.343789
B0L103_1,  -83.080020,  250.825748,  13.857818
B0L103_2,  -82.938158,  -241.136430,  14.095830
B0L103_3,  -82.875380,  -241.126454,  -20.001073
B0L103_4,  -83.055329,  250.834992,  -20.170505
B0L104_1,  -63.873639,  250.676325,  52.376630
B0L104_2,  -63.718460,  -241.268376,  52.353011
B0L104_3,  -80.690505,  -241.295818,  22.950258
B0L104_4,  -80.776737,  250.712389,  22.971339
B0L105_1,  -27.874298,  250.707977,  76.018157
B0L105_2,  -27.850605,  -241.160666,  76.167638
B0L105_3,  -57.134529,  -241.157120,  58.969493
B0L105_4,  -57.249212,  250.730838,  58.898099
B1L000_1,  -38.105402,  250.801631,  -98.277273
B1L000_2,  -37.423085,  -241.209865,  -97.924213
B1L000_3,  -4.019165,  -241.129697,  -104.515928
B1L000_4,  -4.770571,  250.885779,  -105.035586
B1L001_1,  -71.836790,  250.761515,  -77.004824
B1L001_2,  -71.063941,  -241.099661,  -76.948357
B1L001_3,  -42.814175,  -240.966221,  -95.806288
B1L001_4,  -43.697820,  250.801785,  -95.833582
B1L002_1,  -94.565103,  250.830188,  -44.612393
B1L002_2,  -94.184356,  -241.278167,  -44.562216
B1L002_3,  -75.386965,  -241.186589,  -72.883121
B1L002_4,  -75.853042,  250.799172,  -72.766870
B1L003_1,  -103.307172,  250.662271,  -6.017520
B1L003_2,  -103.265739,  -241.232059,  -6.036000
B1L003_3,  -96.573574,  -241.183621,  -39.330074
B1L003_4,  -96.688283,  250.694648,  -39.308389
B1L004_1,  -96.560625,  250.758527,  33.233715
B1L004_2,  -96.591388,  -241.327464,  33.106619
B1L004_3,  -103.152126,  -241.233417,  -0.234525
B1L004_4,  -103.192334,  250.762647,  -0.166477
B1L005_1,  -75.743449,  250.709386,  66.950909
B1L005_2,  -75.699819,  -241.231947,  66.638189
B1L005_3,  -94.439026,  -241.123416,  38.247179
B1L005_4,  -94.468756,  250.804137,  38.582182
B1L006_1,  -43.550346,  250.722474,  89.814755
B1L006_2,  -43.607909,  -241.209595,  89.780706
B1L006_3,  -71.710202,  -241.186297,  70.847959
B1L006_4,  -71.718636,  250.761808,  70.871649
B1L007_1,  -4.712513,  250.538629,  98.662238
B1L007_2,  -4.885306,  -241.454506,  98.890768
B1L007_3,  -38.176675,  -241.438283,  92.183912
B1L007_4,  -38.038311,  250.580674,  91.947744
B1L100_1,  -18.846422,  250.858874,  -109.941155
B1L100_2,  -18.199533,  -241.335321,  -109.644493
B1L100_3,  15.855403,  -241.274505,  -109.289137
B1L100_4,  15.196872,  250.755467,  -109.643114
B1L101_1,  -58.467458,  250.603888,  -95.227457
B1L101_2,  -57.877734,  -241.327581,  -95.095317
B1L101_3,  -26.450362,  -241.310729,  -107.989402
B1L101_4,  -27.124700,  250.647237,  -108.177810
B1L102_1,  -89.290520,  250.871594,  -66.362115
B1L102_2,  -88.908686,  -241.136642,  -66.462064
B1L102_3,  -64.853787,  -241.006475,  -90.473449
B1L102_4,  -65.404600,  250.878851,  -90.453155
B1L103_1,  -106.751749,  250.849526,  -28.134081
B1L103_2,  -106.590943,  -241.058671,  -28.199566
B1L103_3,  -93.477646,  -241.035104,  -59.538665
B1L103_4,  -93.753762,  250.989205,  -59.485948
B1L104_1,  -108.208643,  250.852922,  13.974202
B1L104_2,  -108.178124,  -241.063849,  13.617347
B1L104_3,  -108.215158,  -241.011146,  -20.422275
B1L104_4,  -108.245857,  250.946360,  -20.137469
B1L105_1,  -93.623778,  250.872859,  53.567131
B1L105_2,  -93.557469,  -241.197040,  53.255089
B1L105_3,  -106.500756,  -241.101650,  21.584090
B1L105_4,  -106.524849,  250.963686,  21.933219
B1L106_1,  -65.086621,  250.993155,  84.348547
B1L106_2,  -65.167944,  -240.835249,  84.215211
B1L106_3,  -89.128595,  -240.830273,  60.070712
B1L106_4,  -89.047354,  251.102403,  60.300838
B1L107_1,  -26.937417,  250.844118,  101.841007
B1L107_2,  -27.050124,  -241.070166,  101.860427
B1L107_3,  -58.412194,  -241.045547,  88.676171
B1L107_4,  -58.160915,  251.034607,  88.874079
SSED1,  -65.304733,  1373.620332,  105.908477
SSED2,  -129.686773,  1373.593022,  -2.255269
SSED3,  -63.622036,  1373.245930,  -115.588903
EDR1_2,  -168.253958,  1363.274036,  21.851828
EDR2_2,  -168.619837,  1030.132881,  21.827992
EDR1_1,  -24.063490,  1363.530490,  162.529704
EDR2_1,  -24.669001,  1030.185089,  163.180433
EDR3_1,  -24.806919,  696.940271,  163.501160
EDR3_2,  -168.010647,  696.863830,  21.207221
EDR4_2,  -165.133992,  360.004234,  29.929541
EDR5_1,  -31.026226,  -350.387590,  161.393701
EDR5_2,  -164.926964,  -349.480283,  30.828494
EDR6_1,  -24.834711,  -687.954475,  164.178776
EDR6_2,  -167.928995,  -687.369341,  21.788721
EDR7_1,  -25.250774,  -1020.929700,  163.998111
EDR7_2,  -168.446041,  -1021.452775,  21.617250
EDR8_1,  -25.399627,  -1354.289040,  164.036372
EDR8_2,  -168.661100,  -1353.601180,  22.530729
EDR4_1,  -31.575234,  359.100587,  161.024259
EDR4_11,  -31.576745,  359.064469,  161.000665
NSED1,  -63.629113,  -1363.890601,  110.127029
NSED2,  -130.052759,  -1363.981190,  -0.386613
NSED3,  -58.727826,  -1363.515578,  -117.550224
ED8_3,  -24.337134,  -1353.685068,  -167.750373
ED7_3,  -23.523115,  -1021.359388,  -168.795026
EDR1_3,  -24.564352,  1363.103807,  -169.754440
EDR2_3,  -24.205185,  1030.520775,  -169.302816
EDR3_3,  -23.504944,  697.053072,  -169.569801
EDR4_3,  -31.997322,  359.919574,  -167.010724
EDR5_3,  -32.127206,  -350.687994,  -166.507329
EDR6_3,  -23.129078,  -686.786546,  -168.817134
EDR7_3,  -23.323709,  -1021.398208,  -168.731281
EDR8_3,  -24.096835,  -1353.771857,  -168.704800
CFRS1_2,  -185.711277,  1363.726313,  -2.916760
CFRS2_2,  -185.808726,  1030.289064,  -3.107263
CFRS3_2,  -186.115564,  696.821430,  -3.117161
CFRS4_2,  -186.172357,  363.824180,  -2.921543
CFRS2_3,  1.078015,  1030.368029,  -186.567107
CFRS3_3,  0.843989,  696.965776,  -186.933739
CFRS4_3,  0.406082,  363.927490,  -187.062321
CFRS1_1,  -0.087866,  1363.608287,  175.972072
CFRS2_1,  -0.144190,  1030.154246,  175.956411
CFRS3_1,  -0.060991,  697.003492,  176.308561
CFRS4_1,  0.401430,  363.298735,  176.387398
CFRS5_1,  0.453500,  -353.698873,  176.433736
CFRS5_2,  -186.168570,  -353.935038,  -2.592647
CFRS6_1,  -0.015167,  -687.648551,  176.027401
CFRS6_2,  -186.074882,  -687.443009,  -3.139976
CFRS7_1,  0.142550,  -1020.698850,  176.407496
CFRS7_2,  -186.096938,  -1021.202196,  -3.123820
CFRS8_1,  0.058164,  -1354.350407,  176.697856
CFRS8_2,  -185.848416,  -1353.952013,  -2.857156
CFRS1_3,  0.453007,  1363.397529,  -186.807669
CFRS5_3,  0.199035,  -354.071904,  -187.437132
CFRS6_3,  1.483243,  -686.944974,  -186.233515
CFRS7_3,  1.727776,  -1021.089513,  -185.933440
CFRS8_3,  1.543828,  -1353.852501,  -186.164840
