B0L006_1,  38.325689,  250.529127,  65.944304
B0L006_2,  38.374491,  -241.388657,  65.630813
B0L006_3,  5.535855,  -241.398000,  74.472227
B0L006_4,  5.464256,  250.566950,  74.558981
B0L007_1,  67.647139,  250.554428,  38.758039
B0L007_2,  67.743309,  -241.536972,  38.368460
B0L007_3,  43.787487,  -241.493414,  62.447850
B0L007_4,  43.615957,  250.481741,  62.654516
B0L008_1,  79.491790,  250.462964,  0.685389
B0L008_2,  79.681444,  -241.509376,  0.187160
B0L008_3,  70.741541,  -241.449282,  32.977045
B0L008_4,  70.687092,  250.423803,  33.438138
B0L009_1,  70.867646,  250.602539,  -38.305990
B0L009_2,  71.067745,  -241.354296,  -38.631922
B0L009_3,  79.693778,  -241.383728,  -5.695694
B0L009_4,  79.594503,  250.643359,  -5.435205
B0L010_1,  43.758793,  250.721353,  -67.728280
B0L010_2,  44.098857,  -241.348487,  -68.333885
B0L010_3,  67.949710,  -241.295763,  -44.130260
B0L010_4,  67.749994,  250.709232,  -43.723127
B0L011_1,  5.616063,  250.677636,  -79.441068
B0L011_2,  6.142003,  -241.412161,  -80.318385
B0L011_3,  38.919314,  -241.378508,  -71.214466
B0L011_4,  38.337289,  250.667253,  -70.598283
B0L106_1,  19.539731,  250.469157,  78.695201
B0L106_2,  19.490760,  -241.612457,  78.479646
B0L106_3,  -14.454553,  -241.596054,  78.774906
B0L106_4,  -14.484839,  250.500706,  79.184025
B0L107_1,  57.727006,  250.480878,  59.407527
B0L107_2,  57.747845,  -241.531422,  59.219842
B0L107_3,  28.268750,  -241.464859,  76.161081
B0L107_4,  28.331408,  250.493370,  76.288497
B0L108_1,  81.269263,  250.591397,  23.408852
B0L108_2,  81.364858,  -241.468941,  23.204925
B0L108_3,  64.279806,  -241.480910,  52.561586
B0L108_4,  64.319763,  250.550546,  52.749445
B0L109_1,  83.774617,  250.519537,  -19.381622
B0L109_2,  83.885735,  -241.476844,  -19.806054
B0L109_3,  83.697550,  -241.481072,  14.255350
B0L109_4,  83.742341,  250.543112,  14.705195
B0L110_1,  64.344822,  250.982597,  -57.737031
B0L110_2,  64.613676,  -241.008813,  -57.933715
B0L110_3,  81.465688,  -241.022702,  -28.469347
B0L110_4,  81.348700,  251.048189,  -28.310201
B0L111_1,  28.437728,  251.039713,  -81.313516
B0L111_2,  28.910302,  -240.947293,  -81.731278
B0L111_3,  58.127784,  -240.914889,  -64.598892
B0L111_4,  57.784772,  251.007412,  -64.441235
B1L008_1,  38.720537,  250.397151,  92.245826
B1L008_2,  38.600763,  -241.654499,  91.924190
B1L008_3,  5.323395,  -241.639952,  98.517993
B1L008_4,  5.427900,  250.430084,  98.807791
B1L009_1,  72.391888,  250.602594,  70.998722
B1L009_2,  72.170667,  -241.583852,  70.693371
B1L009_3,  43.985144,  -241.511467,  89.630137
B1L009_4,  44.194060,  250.509054,  89.729496
B1L010_1,  95.194026,  250.510627,  38.686476
B1L010_2,  95.308118,  -241.503557,  38.492634
B1L010_3,  76.391071,  -241.521935,  66.761041
B1L010_4,  76.377252,  250.603253,  66.916225
B1L011_1,  103.862888,  250.552373,  0.052439
B1L011_2,  104.095769,  -241.406816,  -0.267174
B1L011_3,  97.436143,  -241.444785,  33.116670
B1L011_4,  97.317080,  250.542341,  33.341339
B1L012_1,  97.197761,  250.596441,  -38.615543
B1L012_2,  97.631800,  -241.568701,  -39.037547
B1L012_3,  104.076200,  -241.549602,  -5.673757
B1L012_4,  103.817583,  250.598693,  -5.291223
B1L013_1,  76.144002,  250.829580,  -72.279112
B1L013_2,  76.668789,  -241.321935,  -72.622703
B1L013_3,  95.438693,  -241.293478,  -44.252006
B1L013_4,  95.015704,  250.832890,  -44.014376
B1L014_1,  43.930214,  250.991697,  -95.406242
B1L014_2,  44.554598,  -241.075818,  -95.942628
B1L014_3,  72.692458,  -241.102721,  -76.877331
B1L014_4,  72.211585,  251.004591,  -76.627228
B1L015_1,  5.038019,  251.148956,  -104.088892
B1L015_2,  5.941283,  -240.878597,  -105.022154
B1L015_3,  39.196387,  -240.863793,  -98.129166
B1L015_4,  38.270265,  251.236042,  -97.584243
B1L108_1,  19.837695,  250.292042,  103.753779
B1L108_2,  19.355661,  -241.871521,  103.629298
B1L108_3,  -14.684385,  -241.746657,  103.454087
B1L108_4,  -14.338001,  250.366339,  103.566246
B1L109_1,  59.184493,  250.399373,  89.271248
B1L109_2,  59.014765,  -241.539380,  89.040568
B1L109_3,  27.558315,  -241.694835,  102.096181
B1L109_4,  27.889193,  250.534563,  102.400108
B1L110_1,  89.903229,  250.584699,  60.678281
B1L110_2,  90.026481,  -241.411010,  60.348870
B1L110_3,  65.999258,  -241.473898,  84.284588
B1L110_4,  65.997082,  250.553520,  84.544919
B1L111_1,  107.368649,  250.619526,  22.441723
B1L111_2,  107.523998,  -241.322512,  22.172949
B1L111_3,  94.552550,  -241.419918,  53.589446
B1L111_4,  94.429574,  250.623977,  53.739291
B1L112_1,  109.041964,  250.689441,  -19.573393
B1L112_2,  109.161561,  -241.392755,  -19.654115
B1L112_3,  109.132912,  -241.392810,  14.229428
B1L112_4,  109.013630,  250.726955,  14.343575
B1L113_1,  94.421726,  250.619016,  -58.787184
B1L113_2,  94.735253,  -241.466302,  -59.101011
B1L113_3,  107.596139,  -241.458811,  -27.577597
B1L113_4,  107.426266,  250.598525,  -27.315666
B1L114_1,  66.208329,  250.833360,  -89.675985
B1L114_2,  66.673317,  -241.069898,  -90.140715
B1L114_3,  90.416298,  -241.032915,  -65.912794
B1L114_4,  90.037587,  250.858150,  -65.539992
B1L115_1,  27.506749,  250.945819,  -107.422217
B1L115_2,  28.184948,  -241.156181,  -108.176745
B1L115_3,  59.388864,  -241.083013,  -94.969263
B1L115_4,  58.828756,  250.905002,  -94.427115
NSWD1,  65.903880,  -1364.587969,  -111.622117
NSWD2,  130.330344,  -1364.133639,  -1.898458
NSWD3,  61.949942,  -1363.999965,  107.666064
CFRW8_2,  187.404143,  -1354.230136,  -3.090955
CFRW7_2,  187.285520,  -1021.124702,  -3.226183
CFRW6_2,  187.169609,  -687.469193,  -2.584334
CFRW5_2,  187.049913,  -354.021996,  -2.661595
CFRW1_2,  187.243961,  1363.836082,  -2.204047
CFRW2_1,  1.195607,  1030.106154,  -181.692249
CFRW2_2,  187.304703,  1030.255758,  -2.190709
CFRW3_1,  1.215798,  696.763998,  -182.208086
CFRW3_2,  187.176189,  696.571699,  -2.098435
CFRW4_1,  1.236495,  363.931101,  -181.673225
CFRW4_2,  186.979814,  363.787914,  -1.886260
CFRW5_1,  0.798765,  -354.487284,  -182.124931
CFRW6_1,  1.162984,  -687.795816,  -182.245177
CFRW7_1,  0.647503,  -1021.283360,  -182.036541
CFRW8_1,  1.168807,  -1354.205270,  -182.260619
SSWD1,  62.809951,  1373.607713,  -113.402887
SSWD2,  131.075883,  1373.546348,  -1.289784
SSWD3,  65.094803,  1373.239684,  107.597679
CFRW1_1,  1.833268,  1363.682916,  -182.262564
CFRW1_3,  0.303793,  1363.396107,  181.862539
CFRW2_3,  -0.067324,  1030.033265,  181.202938
CFRW3_3,  -0.378850,  696.898156,  181.138940
CFRW4_3,  -0.512696,  363.723318,  181.043707
CFRW5_3,  0.113113,  -354.003409,  181.100247
CFRW6_3,  -0.052572,  -687.203607,  180.940133
CFRW7_3,  0.538434,  -1020.950886,  180.882989
CFRW8_3,  0.624452,  -1354.193242,  180.711149
